11	5	18	771.91
12	5	16	707.24
13	5	2	162.79
14	5	21	402.34
15	5	28	502.62
16	6	28	396.44
17	6	11	739.3
18	6	1	350.58
19	6	14	565.7
20	7	3	81.95
21	7	17	60.44
22	7	11	37.62
23	7	14	127.85
24	8	14	517.03
25	8	26	205.9
26	8	5	31.44
27	8	11	677.76
30	10	23	810.74
31	10	7	725.16
32	10	30	153.04
33	10	27	42.7
34	10	6	713.36
35	11	15	259.41
36	11	23	349.22
37	11	30	230.97
38	11	26	298.11
39	11	29	138.11
41	13	14	59.22
42	13	19	961.51
43	13	25	73.28
44	13	1	21.76
45	13	29	635.66
47	15	15	314.1
48	15	11	177.85
49	15	1	171.43
50	15	3	84.67
51	16	17	152.36
52	16	29	291.2
53	16	1	188.93
54	16	18	27.07
55	17	11	426.28
56	17	7	127.6
57	17	25	151.2
58	17	14	353.22
65	20	26	236.21
66	20	5	215.91
67	20	24	368.61
68	20	11	36.68
69	20	1	406.11
70	21	11	27.2
71	21	14	118.82
72	21	2	82.27
73	21	15	462.61
74	21	9	153.25
80	24	4	311.01
81	24	22	891.76
82	24	26	44.59
83	24	30	386.76
84	24	12	335.42
85	25	24	208.85
86	25	11	16.09
87	25	27	232.6
88	25	9	31.39
89	26	13	2.32
90	26	7	98.8
91	26	23	453.85
92	26	30	47.44
93	27	25	57.17
94	27	13	149.99
95	27	2	58.62
96	27	30	102.24
97	27	10	12.74
101	29	2	204.56
102	29	12	441.01
103	29	18	79.35
104	29	11	24.17
107	31	11	888.03
108	31	15	228.34
109	31	3	179.84
110	31	29	624.98
114	33	27	64.71
115	33	19	423.14
116	33	18	195.97
117	33	15	114.91
118	34	18	94.09
119	34	21	64.11
120	34	22	592.01
121	34	8	612.11
122	35	29	1069.18
123	35	18	107.02
124	35	20	182.59
125	35	15	206.94
126	35	12	42.72
136	41	13	37.69
137	41	2	0.87
138	41	5	541.32
139	41	22	3.93
142	44	2	540.94
143	44	25	34.43
144	44	8	113.5
145	44	3	195.75
146	44	21	64.78
168	55	4	481.37
169	55	22	254.37
170	55	26	56.15
171	55	21	184.06
176	58	7	459.53
177	58	24	165.08
178	58	8	123.76
179	58	10	374.13
180	59	29	468.12
181	59	26	188.47
182	59	17	603.15
183	59	2	123.81
197	66	7	381.98
198	66	9	379.72
199	66	12	349.76
200	66	3	360.12
205	70	20	401.49
206	70	18	753.89
207	70	4	57.59
208	70	23	493.78
209	70	28	228.76
218	74	12	89.39
219	74	21	197.54
220	74	11	133.24
221	74	27	293.56
222	74	8	0.0
223	75	4	340.32
224	75	27	268.17
225	75	20	582.81
226	75	6	302.94
227	75	25	117.59
228	76	15	138.8
229	76	14	336.02
230	76	7	436.36
231	76	10	689.83
240	81	14	6.77
241	81	8	380.65
242	81	15	471.45
243	81	19	169.54
244	81	21	56.76
245	82	23	140.6
246	82	12	28.2
247	82	26	265.1
248	82	19	132.39
251	84	28	102.04
252	84	24	41.45
253	84	20	264.49
254	84	15	37.95
255	85	21	74.43
256	85	26	286.83
257	85	27	158.31
258	85	13	133.97
267	90	26	24.18
268	90	29	534.22
269	90	3	55.63
270	90	25	103.05
271	90	21	151.47
275	92	21	153.04
276	92	10	575.97
277	92	6	367.22
278	92	11	24.58
279	92	29	129.81
280	93	11	98.8
281	93	1	193.59
282	93	7	329.8
283	93	20	459.39
285	95	10	437.69
286	95	15	287.51
287	95	6	106.4
288	95	11	7.99
291	97	25	255.98
292	97	22	74.74
293	97	1	325.43
294	97	2	222.94
295	98	19	262.34
296	98	8	55.04
297	98	11	86.33
298	98	29	246.45
299	98	21	574.76
300	99	14	85.32
301	99	7	47.01
302	99	4	122.66
303	99	27	316.26
304	99	9	748.19
308	102	13	79.8
309	102	4	311.77
310	102	24	234.93
311	102	3	126.3
312	103	29	201.46
313	103	22	72.06
314	103	1	75.11
315	103	11	23.62
316	103	17	128.28
322	107	14	309.87
323	107	2	261.4
324	107	19	835.72
325	107	29	163.78
332	111	2	64.4
333	111	8	292.0
334	111	19	313.8
335	111	27	120.85
336	111	12	536.44
341	114	12	589.98
342	114	29	100.66
343	114	18	49.65
344	114	10	158.16
345	114	17	106.05
352	117	15	657.4
353	117	23	322.36
354	117	6	908.02
355	117	4	640.54
356	117	21	224.25
357	118	23	25.42
358	118	13	518.98
359	118	17	399.81
360	118	11	561.84
361	118	18	329.0
362	119	11	118.84
363	119	2	273.02
364	119	9	166.05
365	119	27	38.52
366	119	10	0.36
374	123	26	267.74
375	123	17	82.88
376	123	24	238.34
377	123	3	650.14
380	126	4	987.68
381	126	8	466.36
382	126	16	147.18
383	126	27	582.73
384	127	3	538.36
385	127	30	202.52
386	127	9	89.35
387	127	19	424.72
388	127	24	322.1
393	130	6	870.84
394	130	7	302.23
395	130	4	321.62
396	130	28	14.72
397	130	11	244.4
400	132	11	13.72
401	132	14	45.87
402	132	30	124.27
403	132	7	19.42
408	135	6	350.58
409	135	25	456.46
410	135	21	219.39
411	135	1	255.47
412	136	27	116.02
413	136	6	280.06
414	136	29	736.03
415	136	9	448.81
418	138	16	26.65
419	138	30	105.25
420	138	13	42.44
421	138	3	750.84
429	143	3	45.36
430	143	5	277.87
431	143	30	81.75
432	143	26	29.91
440	147	23	408.8
441	147	27	330.99
442	147	8	712.59
443	147	4	213.49
444	147	21	78.91
445	148	3	450.05
446	148	28	235.89
447	148	16	449.34
448	148	27	293.89
451	150	26	783.53
452	150	30	499.51
453	150	23	502.93
454	150	18	499.1
461	154	12	772.19
462	154	22	96.22
463	154	8	664.76
464	154	28	313.51
465	154	20	400.92
484	165	6	71.77
485	165	1	14.85
486	165	8	896.26
487	165	24	164.44
493	168	13	161.24
494	168	25	59.1
495	168	10	240.22
496	168	29	168.26
497	168	6	357.56
498	169	15	254.33
499	169	28	481.9
500	169	1	234.11
501	169	14	383.24
508	172	13	543.35
509	172	21	403.55
510	172	20	58.55
511	172	29	100.46
512	173	8	208.97
513	173	19	21.97
514	173	14	250.94
515	173	30	266.73
517	175	16	13.06
518	175	19	115.72
519	175	8	477.54
520	175	24	33.75
522	177	18	6.84
523	177	15	69.63
524	177	17	185.4
525	177	26	386.32
526	177	5	41.17
530	180	14	79.28
531	180	19	456.38
532	180	22	217.25
533	180	11	14.31
534	180	30	383.55
537	182	21	303.22
538	182	18	131.97
539	182	13	0.79
540	182	3	13.63
541	182	20	368.28
542	183	17	10.35
543	183	23	109.04
544	183	15	156.88
545	183	22	145.57
550	186	14	174.08
551	186	13	28.0
552	186	21	16.39
553	186	19	41.07
554	186	23	94.96
557	188	12	434.99
558	188	1	79.37
559	188	2	637.57
560	188	28	89.0
567	191	19	330.6
568	191	23	140.3
569	191	10	16.46
570	191	29	431.01
579	196	6	949.05
580	196	29	577.91
581	196	8	312.17
582	196	20	39.93
597	204	3	224.72
598	204	26	241.58
599	204	25	47.96
600	204	20	526.25
605	207	23	26.14
606	207	8	14.74
607	207	13	291.18
608	207	29	303.16
609	207	17	55.97
610	208	8	162.51
611	208	2	68.69
612	208	23	667.38
613	208	18	657.49
614	209	3	373.82
615	209	19	104.45
616	209	26	622.96
617	209	28	8.83
618	209	2	92.54
622	211	22	328.03
623	211	21	35.1
624	211	3	354.65
625	211	1	47.53
626	211	8	284.66
627	212	9	183.6
628	212	24	453.93
629	212	28	344.01
630	212	22	712.01
631	212	26	828.31
647	220	6	386.1
648	220	9	89.79
649	220	19	276.79
650	220	18	8.75
651	220	11	175.31
663	228	10	223.89
664	228	22	107.92
665	228	30	7.91
666	228	8	16.99
667	228	13	229.39
672	231	5	62.21
673	231	3	420.97
674	231	17	623.51
675	231	10	693.43
679	233	15	341.7
680	233	6	268.1
681	233	16	241.19
682	233	24	146.35
683	233	8	247.65
684	234	20	212.53
685	234	25	129.63
686	234	6	39.28
687	234	3	33.74
695	238	9	132.46
696	238	28	86.74
697	238	29	618.78
698	238	1	82.08
703	241	19	239.66
704	241	25	641.21
705	241	24	107.15
706	241	3	395.28
713	246	3	339.62
714	246	6	250.58
715	246	1	88.64
716	246	12	534.05
717	246	14	802.81
723	249	3	41.33
724	249	16	347.35
725	249	26	116.1
726	249	25	94.4
727	249	1	688.74
733	252	24	167.5
734	252	21	295.04
735	252	15	60.05
736	252	5	114.52
738	254	5	367.41
739	254	29	190.08
740	254	18	166.98
741	254	9	491.59
742	254	21	302.06
753	259	13	690.29
754	259	14	397.01
755	259	7	401.03
756	259	21	493.15
757	259	9	677.66
758	260	9	175.01
759	260	24	662.34
760	260	27	282.21
761	260	12	456.23
762	261	7	11.71
763	261	22	84.39
764	261	10	755.86
765	261	23	22.54
766	261	6	22.64
767	262	12	709.29
768	262	25	195.64
769	262	5	305.13
770	262	1	642.7
771	263	25	45.4
772	263	7	90.69
773	263	26	586.2
774	263	18	53.9
775	263	10	3.73
777	265	30	209.0
778	265	20	208.58
779	265	27	69.83
780	265	8	931.47
781	266	22	116.53
782	266	20	90.53
783	266	13	51.01
784	266	30	463.29
785	266	26	148.03
786	267	11	238.03
787	267	26	231.33
788	267	6	97.76
789	267	8	119.16
790	268	16	6.19
791	268	18	38.11
792	268	26	433.26
793	268	15	356.58
794	268	11	264.11
799	271	7	38.2
800	271	20	172.5
801	271	3	353.88
802	271	27	114.91
803	271	16	41.72
806	273	14	133.45
807	273	29	288.45
808	273	1	183.82
809	273	27	175.64
810	273	15	907.25
811	274	27	28.34
812	274	19	149.99
813	274	8	643.31
814	274	22	112.65
815	274	7	296.15
818	276	2	58.55
819	276	26	32.32
820	276	13	702.66
821	276	21	113.96
822	277	24	794.12
823	277	20	12.81
824	277	28	644.05
825	277	9	220.39
826	278	24	260.51
827	278	3	166.78
828	278	15	227.61
829	278	30	461.79
830	278	25	157.34
831	279	8	38.43
832	279	23	17.99
833	279	29	599.3
834	279	18	925.07
835	280	11	293.77
836	280	16	214.33
837	280	14	705.29
838	280	19	60.58
839	280	26	212.54
842	282	24	124.11
843	282	4	25.22
844	282	7	58.31
845	282	10	22.21
847	284	23	334.18
848	284	30	164.37
849	284	27	606.1
850	284	8	137.06
854	286	6	81.03
855	286	4	79.34
856	286	28	104.95
857	286	9	456.81
862	289	25	439.59
863	289	28	527.57
864	289	9	68.24
865	289	26	582.02
866	290	18	305.57
867	290	16	99.3
868	290	5	539.19
869	290	12	616.33
874	293	10	889.69
875	293	29	24.78
876	293	7	114.56
877	293	14	131.17
893	301	23	443.29
894	301	14	557.85
895	301	6	188.27
896	301	13	145.46
897	302	7	166.46
898	302	29	232.42
899	302	17	102.19
900	302	3	184.2
905	305	9	86.51
906	305	26	63.56
907	305	7	406.33
908	305	12	316.96
909	305	27	386.25
910	306	1	257.32
911	306	17	574.29
912	306	29	359.85
913	306	14	439.18
914	306	24	7.56
917	308	10	571.57
918	308	21	502.12
919	308	16	7.91
920	308	14	121.98
923	311	22	89.52
924	311	9	240.51
925	311	25	56.21
926	311	19	443.26
927	312	13	556.96
928	312	7	143.29
929	312	28	520.5
930	312	14	193.89
931	312	21	51.76
934	314	16	1020.48
935	314	19	200.55
936	314	12	995.47
937	314	22	572.1
938	315	13	170.12
939	315	7	41.51
940	315	16	426.97
941	315	18	36.31
942	315	11	352.87
943	316	18	213.07
944	316	4	112.03
945	316	14	149.18
946	316	24	87.72
947	316	3	439.73
948	317	24	0.8
949	317	1	90.74
950	317	23	0.55
951	317	10	163.39
952	317	28	15.02
960	321	23	472.04
961	321	12	154.63
962	321	8	892.42
963	321	14	924.68
964	321	1	462.01
966	323	22	862.76
967	323	6	93.67
968	323	15	437.31
969	323	10	22.91
971	325	23	11.9
972	325	30	633.04
973	325	9	8.11
974	325	24	539.18
975	326	25	247.47
976	326	16	52.83
977	326	9	84.38
978	326	23	776.34
979	327	14	678.39
980	327	4	602.84
981	327	17	60.31
982	327	16	246.01
983	328	1	51.85
984	328	3	60.43
985	328	19	11.56
986	328	6	89.72
987	328	24	81.4
995	332	29	730.97
996	332	7	198.48
997	332	14	294.2
998	332	19	72.47
1003	335	21	124.38
1004	335	27	441.01
1005	335	11	21.7
1006	335	8	491.65
1007	335	7	82.16
1008	336	8	817.35
1009	336	22	63.3
1010	336	9	155.32
1011	336	21	3.86
1012	337	22	385.92
1013	337	1	182.18
1014	337	7	68.95
1015	337	19	163.4
1016	337	21	297.52
1026	343	3	190.61
1027	343	12	0.0
1028	343	5	100.4
1029	343	16	90.37
1030	344	7	4.73
1031	344	9	525.04
1032	344	11	4.62
1033	344	19	907.68
1034	345	20	861.04
1035	345	23	441.01
1036	345	19	75.65
1037	345	9	15.78
1038	346	18	9.81
1039	346	14	321.08
1040	346	20	97.64
1041	346	19	435.46
1042	346	8	66.71
1045	348	25	625.54
1046	348	4	187.5
1047	348	21	303.72
1048	348	5	93.89
1049	349	13	383.79
1050	349	2	56.43
1051	349	6	12.3
1052	349	7	12.74
1070	357	28	26.09
1071	357	23	152.64
1072	357	7	183.16
1073	357	26	47.86
1074	357	18	38.4
1075	358	13	511.35
1076	358	24	0.05
1077	358	7	27.04
1078	358	15	503.65
1086	363	11	36.11
1087	363	27	329.89
1088	363	21	940.87
1089	363	15	922.36
1090	363	13	386.24
1092	365	8	266.2
1093	365	16	711.78
1094	365	4	386.02
1095	365	6	72.21
1096	365	9	31.92
1098	367	8	296.26
1099	367	11	55.03
1100	367	26	913.67
1101	367	30	68.02
1104	370	4	830.54
1105	370	26	170.69
1106	370	3	656.33
1107	370	10	19.89
1109	372	24	732.47
1110	372	9	77.45
1111	372	30	716.97
1112	372	23	507.37
1113	373	28	966.75
1114	373	22	133.2
1115	373	20	6.61
1116	373	2	366.55
1117	373	10	315.25
1118	374	29	231.72
1119	374	16	624.14
1120	374	5	12.53
1121	374	11	223.65
1122	374	30	103.59
1127	377	26	363.78
1128	377	30	298.78
1129	377	29	16.22
1130	377	7	570.81
1131	377	21	492.21
1135	379	17	20.23
1136	379	29	2.63
1137	379	24	38.56
1138	379	25	61.69
1139	379	4	358.18
1142	381	2	204.7
1143	381	24	10.6
1144	381	8	144.35
1145	381	6	254.08
1146	381	4	94.21
1147	382	23	31.61
1148	382	21	732.17
1149	382	16	521.38
1150	382	19	457.85
1151	382	17	516.44
1156	386	19	668.35
1157	386	18	185.54
1158	386	17	58.65
1159	386	13	242.7
1161	388	1	26.76
1162	388	26	168.37
1163	388	6	107.26
1164	388	12	480.57
1168	390	11	112.5
1169	390	27	199.09
1170	390	8	22.66
1171	390	23	78.72
1172	391	26	136.19
1173	391	29	152.73
1174	391	13	243.44
1175	391	8	107.33
1176	391	28	133.22
1177	392	10	494.17
1178	392	7	140.24
1179	392	28	436.24
1180	392	18	126.51
1184	394	4	879.0
1185	394	9	194.96
1186	394	30	193.57
1187	394	1	90.98
1196	398	14	4.66
1197	398	6	19.87
1198	398	7	374.23
1199	398	28	530.12
1200	398	29	66.98
1201	399	30	71.1
1202	399	10	151.64
1203	399	18	265.86
1204	399	15	376.83
1208	401	23	356.76
1209	401	21	75.21
1210	401	22	580.96
1211	401	9	839.76
1228	410	20	356.97
1229	410	18	218.88
1230	410	19	647.75
1231	410	17	572.1
1232	411	15	167.42
1233	411	10	285.6
1234	411	5	370.12
1235	411	22	27.15
1236	411	16	419.23
1241	414	13	171.11
1242	414	24	818.78
1243	414	9	456.01
1244	414	12	275.57
1245	414	23	115.39
1246	415	12	218.21
1247	415	10	124.12
1248	415	16	172.83
1249	415	5	66.68
1250	416	4	600.67
1251	416	20	486.55
1252	416	13	618.17
1253	416	15	300.37
1256	418	29	52.08
1257	418	25	61.8
1258	418	17	362.69
1259	418	11	102.28
1260	418	23	320.53
1269	422	25	116.62
1270	422	14	162.09
1271	422	29	860.83
1272	422	8	87.11
1273	422	5	193.8
1278	425	28	120.93
1279	425	8	2.33
1280	425	17	96.98
1281	425	2	127.95
1285	428	19	311.68
1286	428	9	152.73
1287	428	1	106.52
1288	428	14	211.81
1304	435	16	272.29
1305	435	6	219.97
1306	435	22	320.77
1307	435	29	126.78
1308	435	1	672.04
1309	436	1	589.86
1310	436	30	128.57
1311	436	10	355.55
1312	436	17	822.62
1313	436	15	811.44
1314	437	19	540.64
1315	437	11	189.72
1316	437	10	90.79
1317	437	12	380.43
1319	439	5	332.36
1320	439	29	399.82
1321	439	30	394.96
1322	439	6	41.03
1323	440	14	384.53
1324	440	17	74.85
1325	440	11	99.89
1326	440	29	297.73
1327	441	10	253.33
1328	441	15	728.73
1329	441	18	819.32
1330	441	30	260.37
1331	441	19	473.79
1333	443	21	331.36
1334	443	28	813.43
1335	443	20	110.11
1336	443	24	567.15
1337	444	23	80.37
1338	444	8	274.98
1339	444	26	100.07
1340	444	27	9.64
1341	444	22	12.6
1348	448	18	65.7
1349	448	22	592.55
1350	448	28	33.41
1351	448	9	360.43
1352	449	9	40.86
1353	449	2	459.59
1354	449	20	637.58
1355	449	30	329.65
1363	454	20	360.72
1364	454	13	88.62
1365	454	14	360.03
1366	454	25	714.67
1367	454	19	8.72
1368	455	27	15.31
1369	455	12	870.24
1370	455	23	292.99
1371	455	30	270.02
1372	455	6	25.85
1373	456	9	283.89
1374	456	5	583.0
1375	456	12	0.6
1376	456	8	838.82
1382	461	29	17.04
1383	461	18	33.42
1384	461	14	11.43
1385	461	20	875.61
1386	461	21	857.29
1387	462	15	143.22
1388	462	24	234.04
1389	462	17	189.28
1390	462	22	878.57
1391	462	23	100.67
1394	464	19	703.51
1395	464	11	25.08
1396	464	12	353.92
1397	464	1	341.08
1398	464	27	10.68
1399	465	20	86.15
1400	465	2	239.66
1401	465	10	321.98
1402	465	6	176.15
1403	466	3	317.85
1404	466	6	492.13
1405	466	29	507.97
1406	466	15	643.13
1407	466	26	324.44
1409	468	17	346.01
1410	468	10	539.8
1411	468	7	680.2
1412	468	13	208.2
1413	468	29	372.73
1414	469	18	94.61
1415	469	19	706.3
1416	469	11	354.75
1417	469	21	158.08
1423	472	12	338.44
1424	472	28	11.68
1425	472	3	379.62
1426	472	11	120.92
1427	472	19	160.3
1428	473	10	176.84
1429	473	4	9.97
1430	473	3	76.36
1431	473	15	295.52
1432	473	9	88.49
1436	475	5	2.24
1437	475	6	239.34
1438	475	7	565.34
1439	475	25	110.61
1440	475	1	911.48
1446	479	19	116.06
1447	479	3	268.81
1448	479	23	404.73
1449	479	5	81.98
1450	479	17	712.42
1465	486	13	110.75
1466	486	22	612.36
1467	486	24	45.59
1468	486	9	28.31
1473	490	16	365.04
1474	490	4	227.92
1475	490	25	323.59
1476	490	10	73.57
1477	490	22	117.58
1478	491	3	317.81
1479	491	16	42.88
1480	491	6	136.24
1481	491	14	953.42
1482	492	15	587.44
1483	492	26	87.62
1484	492	4	46.06
1485	492	22	254.3
1497	499	2	737.96
1498	499	14	631.76
1499	499	7	203.31
1500	499	13	481.71
1501	500	24	205.83
1502	500	6	642.92
1503	500	12	137.13
1504	500	9	25.1
1505	500	20	0.76
1513	504	9	534.21
1514	504	30	429.34
1515	504	14	494.73
1516	504	6	47.69
1517	504	15	840.51
1519	506	25	874.38
1520	506	5	1.47
1521	506	7	647.08
1522	506	15	35.5
1523	506	1	786.82
1526	508	10	311.88
1527	508	17	623.43
1528	508	8	166.63
1529	508	7	654.26
1530	509	28	75.42
1531	509	9	64.69
1532	509	23	526.65
1533	509	12	88.76
1534	509	7	137.75
1537	511	16	120.12
1538	511	10	158.98
1539	511	24	5.86
1540	511	5	10.18
1547	514	29	96.76
1548	514	4	487.5
1549	514	26	118.8
1550	514	3	203.41
1554	516	17	285.83
1555	516	8	111.64
1556	516	20	1.36
1557	516	19	155.62
1558	516	26	264.09
1562	519	16	252.11
1563	519	5	658.96
1564	519	24	43.78
1565	519	30	326.73
1571	522	29	624.34
1572	522	14	912.67
1573	522	15	407.09
1574	522	30	165.57
1586	531	3	661.04
1587	531	9	28.46
1588	531	14	139.91
1589	531	21	226.69
1590	531	26	152.03
1592	533	5	165.27
1593	533	7	418.07
1594	533	15	107.27
1595	533	6	415.31
1596	533	8	0.29
1597	534	25	82.17
1598	534	20	25.79
1599	534	12	268.95
1600	534	30	12.97
1602	536	16	30.54
1603	536	20	751.89
1604	536	5	20.37
1605	536	4	881.13
1610	539	22	403.42
1611	539	9	531.84
1612	539	17	682.11
1613	539	21	110.02
1621	543	13	225.64
1622	543	26	470.44
1623	543	21	140.25
1624	543	11	484.08
1625	544	23	70.67
1626	544	16	128.75
1627	544	27	488.83
1628	544	11	155.24
1629	544	6	181.38
1642	552	16	76.97
1643	552	5	274.39
1644	552	7	397.7
1645	552	28	345.61
1646	552	20	117.04
1647	553	13	51.36
1648	553	18	564.49
1649	553	22	128.11
1650	553	25	134.38
1656	556	28	461.12
1657	556	2	795.03
1658	556	6	807.73
1659	556	27	362.46
1660	557	18	145.19
1661	557	27	628.08
1662	557	16	518.28
1663	557	6	402.49
1669	561	17	246.47
1670	561	23	393.13
1671	561	10	100.44
1672	561	6	510.51
1673	561	27	591.28
1674	562	14	272.78
1675	562	10	277.84
1676	562	25	1092.02
1677	562	27	368.75
1678	562	6	9.73
1681	564	27	154.1
1682	564	26	889.52
1683	564	13	432.58
1684	564	14	431.05
1685	565	8	77.59
1686	565	28	61.55
1687	565	11	290.33
1688	565	10	21.33
1693	569	1	109.54
1694	569	30	192.62
1695	569	8	581.26
1696	569	29	136.92
1709	577	9	619.29
1710	577	1	38.7
1711	577	8	182.34
1712	577	20	437.3
1713	577	5	240.21
1714	578	2	659.33
1715	578	22	114.97
1716	578	17	381.12
1717	578	1	631.12
1718	578	15	463.32
1730	585	15	605.36
1731	585	13	32.15
1732	585	9	191.98
1733	585	25	417.69
1735	587	24	123.37
1736	587	22	23.15
1737	587	19	493.05
1738	587	26	423.26
1739	587	23	194.91
1745	590	11	86.5
1746	590	14	1.05
1747	590	10	854.11
1748	590	27	457.52
1749	590	30	515.46
1750	591	9	78.0
1751	591	10	743.62
1752	591	12	156.73
1753	591	20	442.23
1754	591	14	97.86
1755	592	16	2.31
1756	592	12	237.84
1757	592	29	521.24
1758	592	22	323.24
1767	597	13	273.7
1768	597	20	124.14
1769	597	14	73.42
1770	597	2	123.71
1771	597	23	191.99
1778	601	29	198.96
1779	601	22	500.7
1780	601	21	567.29
1781	601	16	83.1
1784	603	19	393.86
1785	603	8	294.01
1786	603	18	282.18
1787	603	24	228.85
1795	607	6	216.55
1796	607	19	1015.28
1797	607	24	44.1
1798	607	20	117.07
1799	608	29	34.57
1800	608	30	318.39
1801	608	24	308.28
1802	608	14	698.45
1803	608	27	630.5
1810	612	13	325.52
1811	612	4	166.42
1812	612	5	541.19
1813	612	28	6.51
1814	613	12	434.3
1815	613	23	326.34
1816	613	4	482.02
1817	613	14	124.97
1818	614	14	12.12
1819	614	5	169.9
1820	614	23	79.35
1821	614	27	48.52
1822	615	15	507.9
1823	615	27	24.63
1824	615	19	112.34
1825	615	3	27.96
1826	616	29	45.84
1827	616	15	374.51
1828	616	6	165.53
1829	616	25	20.22
1830	616	8	570.01
1833	619	29	430.49
1834	619	14	257.92
1835	619	13	32.49
1836	619	12	13.63
1837	619	16	869.61
1840	621	6	533.84
1841	621	8	265.59
1842	621	2	521.05
1843	621	12	392.37
1846	623	9	189.21
1847	623	27	97.43
1848	623	15	187.2
1849	623	4	216.99
1850	623	17	247.26
1851	624	2	28.0
1852	624	15	95.06
1853	624	1	588.85
1854	624	3	279.46
1855	624	17	170.35
1866	629	28	400.82
1867	629	30	35.79
1868	629	24	341.16
1869	629	20	618.94
1870	629	27	416.82
1881	634	16	141.86
1882	634	20	432.42
1883	634	26	253.43
1884	634	30	229.9
1885	634	6	18.61
1886	635	12	306.83
1887	635	8	503.6
1888	635	20	338.26
1889	635	6	122.99
1890	635	28	161.89
1893	637	19	63.45
1894	637	4	392.84
1895	637	27	6.74
1896	637	18	251.21
1897	637	26	78.79
1899	639	1	65.81
1900	639	29	553.45
1901	639	27	141.97
1902	639	24	145.37
1910	644	23	171.81
1911	644	9	194.83
1912	644	27	139.56
1913	644	7	134.2
1914	644	12	524.31
1915	645	18	476.81
1916	645	7	197.24
1917	645	1	119.09
1918	645	8	228.34
1919	646	18	420.67
1920	646	5	958.71
1921	646	2	9.55
1922	646	15	1009.25
1923	646	28	419.69
1926	648	27	742.26
1927	648	6	192.67
1928	648	10	647.9
1929	648	8	221.67
1932	650	23	667.48
1933	650	22	137.32
1934	650	15	701.07
1935	650	12	149.64
1937	652	21	0.92
1938	652	7	17.16
1939	652	15	324.4
1940	652	22	232.83
1941	652	24	93.14
1949	656	21	282.52
1950	656	17	26.16
1951	656	5	125.18
1952	656	22	277.06
1953	656	27	88.57
1954	657	23	325.42
1955	657	7	541.17
1956	657	19	439.08
1957	657	20	17.47
1972	664	3	278.13
1973	664	25	5.3
1974	664	22	5.73
1975	664	24	9.09
1976	665	24	121.18
1977	665	5	178.54
1978	665	26	75.04
1979	665	11	577.5
1984	668	3	203.6
1985	668	25	708.11
1986	668	24	78.07
1987	668	20	44.48
1988	669	2	82.82
1989	669	25	47.87
1990	669	22	204.77
1991	669	5	708.27
2003	674	19	314.62
2004	674	21	142.84
2005	674	11	2.61
2006	674	12	395.63
2012	677	6	563.8
2013	677	22	445.95
2014	677	29	402.59
2015	677	21	372.15
2016	678	9	920.84
2017	678	12	160.02
2018	678	1	241.63
2019	678	7	114.93
2020	679	14	49.19
2021	679	25	82.05
2022	679	27	269.27
2023	679	11	481.15
2024	680	12	72.62
2025	680	8	16.28
2026	680	27	245.94
2027	680	28	44.31
2028	681	23	394.42
2029	681	3	40.91
2030	681	16	53.99
2031	681	20	6.12
2032	682	19	659.59
2033	682	9	123.88
2034	682	22	383.32
2035	682	28	376.74
2036	682	21	5.15
2041	685	4	312.64
2042	685	11	184.94
2043	685	20	133.46
2044	685	3	182.02
2045	686	8	12.21
2046	686	1	636.19
2047	686	17	298.45
2048	686	22	64.8
2059	693	4	553.81
2060	693	13	215.5
2061	693	16	371.07
2062	693	2	310.3
2065	695	3	7.75
2066	695	28	18.91
2067	695	1	827.63
2068	695	17	95.42
2069	695	21	314.72
2090	708	18	196.3
2091	708	23	42.87
2092	708	9	617.14
2093	708	30	1.45
2094	708	1	433.47
2103	712	23	520.83
2104	712	14	79.68
2105	712	22	121.43
2106	712	21	6.97
2107	712	24	161.24
2111	714	9	426.75
2112	714	6	78.69
2113	714	19	199.59
2114	714	7	841.93
2115	715	30	0.8
2116	715	12	279.46
2117	715	25	214.65
2118	715	14	40.78
2119	715	29	370.69
2125	719	2	491.35
2126	719	19	794.28
2127	719	30	452.93
2128	719	14	8.2
2129	719	1	458.7
2130	720	23	887.95
2131	720	14	366.73
2132	720	19	175.03
2133	720	18	341.12
2134	720	27	49.93
2135	721	5	141.92
2136	721	19	247.69
2137	721	25	0.7
2138	721	20	155.0
2139	721	17	272.48
2141	723	2	502.31
2142	723	21	376.77
2143	723	22	14.74
2144	723	3	377.19
2145	723	15	486.6
2154	728	24	411.62
2155	728	16	542.52
2156	728	18	70.21
2157	728	8	81.52
2158	728	23	146.46
2159	729	26	657.13
2160	729	25	1017.42
2161	729	17	568.97
2162	729	22	17.0
2166	732	12	17.88
2167	732	7	319.24
2168	732	18	727.0
2169	732	25	29.7
2170	733	16	1025.5
2171	733	23	21.27
2172	733	3	339.69
2173	733	1	11.48
2174	733	5	511.41
2192	741	12	424.99
2193	741	21	163.0
2194	741	14	690.06
2195	741	20	658.55
2196	741	3	115.45
2204	745	19	7.34
2205	745	17	41.45
2206	745	7	213.64
2207	745	4	97.75
2208	745	8	334.59
2211	747	6	84.62
2212	747	5	439.58
2213	747	30	67.18
2214	747	24	174.94
2215	747	29	286.78
2216	748	21	180.38
2217	748	16	197.7
2218	748	4	398.73
2219	748	23	112.37
2220	748	11	116.97
2236	758	8	22.56
2237	758	26	394.44
2238	758	12	51.21
2239	758	16	590.36
2240	758	19	741.75
2246	761	24	492.27
2247	761	4	5.85
2248	761	7	14.67
2249	761	17	26.96
2250	762	22	144.45
2251	762	30	772.22
2252	762	16	36.68
2253	762	29	53.37
2260	766	19	442.78
2261	766	1	306.95
2262	766	26	303.86
2263	766	20	35.88
2264	767	17	655.22
2265	767	4	971.8
2266	767	23	53.28
2267	767	24	105.22
2268	768	30	2.35
2269	768	9	548.17
2270	768	14	256.88
2271	768	22	755.76
2272	768	20	312.24
2273	769	6	138.89
2274	769	22	425.58
2275	769	5	378.81
2276	769	12	427.03
2280	771	27	34.01
2281	771	21	212.52
2282	771	15	68.15
2283	771	10	343.47
2286	774	30	44.63
2287	774	27	457.4
2288	774	20	1070.94
2289	774	3	360.16
2290	774	6	64.25
2291	775	18	103.1
2292	775	1	96.24
2293	775	17	255.83
2294	775	14	251.54
2295	775	25	222.67
2298	777	1	16.03
2299	777	19	450.5
2300	777	18	418.61
2301	777	12	295.61
2303	779	1	85.99
2304	779	21	115.05
2305	779	23	103.57
2306	779	12	5.77
2307	780	10	68.1
2308	780	9	716.97
2309	780	7	17.3
2310	780	8	403.49
2311	780	30	74.8
2313	782	23	119.31
2314	782	19	1003.69
2315	782	12	80.49
2316	782	6	805.31
2319	784	10	157.53
2320	784	21	133.03
2321	784	6	28.63
2322	784	22	386.83
2323	784	9	724.88
2325	786	21	23.74
2326	786	14	498.46
2327	786	7	141.23
2328	786	19	679.5
2329	786	8	82.45
2332	788	2	467.35
2333	788	1	580.04
2334	788	4	28.35
2335	788	22	436.06
2336	789	6	70.6
2337	789	2	67.75
2338	789	29	404.09
2339	789	19	349.65
2340	789	13	609.73
2354	796	22	684.08
2355	796	12	135.07
2356	796	28	190.51
2357	796	8	583.73
2366	801	1	517.74
2367	801	30	26.21
2368	801	4	136.85
2369	801	22	470.28
2373	804	2	23.75
2374	804	27	58.27
2375	804	20	287.99
2376	804	10	43.59
2390	811	29	242.96
2391	811	18	75.22
2392	811	14	615.28
2393	811	12	224.01
2394	811	28	376.95
2397	813	2	215.64
2398	813	23	163.98
2399	813	22	121.19
2400	813	28	37.7
2405	817	24	399.99
2406	817	10	38.62
2407	817	14	235.96
2408	817	1	446.83
2421	823	3	21.42
2422	823	22	46.34
2423	823	19	99.13
2424	823	28	802.15
2425	823	9	423.46
2427	825	17	618.42
2428	825	13	244.27
2429	825	23	445.12
2430	825	3	213.06
2431	825	26	3.16
2432	826	30	46.01
2433	826	20	613.06
2434	826	4	406.07
2435	826	22	582.96
2436	826	19	58.91
2443	829	30	208.97
2444	829	26	75.72
2445	829	23	281.4
2446	829	28	401.26
2447	829	9	91.95
2467	838	8	262.41
2468	838	24	97.04
2469	838	12	1075.78
2470	838	25	7.33
2471	839	10	328.24
2472	839	25	874.1
2473	839	29	556.35
2474	839	27	356.89
2475	840	15	611.04
2476	840	11	95.37
2477	840	27	18.18
2478	840	23	463.05
2481	842	14	644.4
2482	842	23	118.04
2483	842	4	211.19
2484	842	26	687.94
2487	844	20	406.44
2488	844	1	991.2
2489	844	18	33.55
2490	844	10	150.78
2491	844	28	588.78
2498	848	1	36.54
2499	848	21	20.72
2500	848	25	7.15
2501	848	26	135.88
2510	853	14	131.74
2511	853	23	138.29
2512	853	7	274.75
2513	853	13	236.38
2514	853	26	112.65
2519	856	30	91.11
2520	856	16	708.56
2521	856	4	310.06
2522	856	22	286.48
2523	857	17	373.46
2524	857	7	221.89
2525	857	26	681.78
2526	857	8	113.23
2531	860	5	478.93
2532	860	6	31.52
2533	860	26	7.33
2534	860	7	2.46
2536	862	23	31.97
2537	862	26	597.25
2538	862	16	279.91
2539	862	14	84.65
2540	862	8	401.21
2545	865	5	48.15
2546	865	24	92.05
2547	865	4	801.53
2548	865	30	376.2
2550	867	14	69.44
2551	867	6	0.94
2552	867	10	255.36
2553	867	11	85.26
2556	869	8	650.2
2557	869	13	237.05
2558	869	23	437.56
2559	869	5	302.31
2560	869	17	144.52
2566	873	13	496.7
2567	873	28	231.87
2568	873	11	105.56
2569	873	15	231.95
2573	875	23	301.5
2574	875	14	29.0
2575	875	5	368.9
2576	875	21	230.64
2577	876	5	338.38
2578	876	26	184.6
2579	876	14	179.45
2580	876	10	85.82
2581	876	3	34.65
2584	878	25	433.65
2585	878	21	566.5
2586	878	12	74.31
2587	878	5	189.66
2588	878	6	46.76
2589	879	9	381.7
2590	879	2	322.32
2591	879	11	342.39
2592	879	7	208.97
2594	881	29	726.27
2595	881	28	373.17
2596	881	7	216.86
2597	881	19	0.72
2604	884	29	4.13
2605	884	27	60.62
2606	884	7	51.92
2607	884	30	392.44
2608	884	6	233.12
2616	888	21	654.68
2617	888	5	420.83
2618	888	10	470.8
2619	888	28	133.29
2620	889	24	341.46
2621	889	1	11.04
2622	889	19	788.66
2623	889	12	7.54
2624	889	29	336.94
2626	891	23	800.45
2627	891	30	260.6
2628	891	21	735.6
2629	891	7	433.63
2630	891	17	101.57
2644	898	10	136.36
2645	898	17	539.42
2646	898	21	0.76
2647	898	15	200.72
2648	898	5	262.73
2650	900	21	29.61
2651	900	22	361.44
2652	900	28	541.32
2653	900	26	233.16
2656	902	14	472.72
2657	902	15	200.31
2658	902	12	388.37
2659	902	20	153.62
2660	902	3	207.62
2665	905	11	221.03
2666	905	25	311.8
2667	905	22	233.08
2668	905	10	322.64
2669	905	24	184.08
2670	906	18	173.87
2671	906	28	223.18
2672	906	24	16.3
2673	906	4	266.63
2676	908	23	31.86
2677	908	12	247.6
2678	908	18	504.26
2679	908	1	269.24
2680	908	30	128.43
2681	909	30	273.27
2682	909	13	122.35
2683	909	1	257.62
2684	909	11	345.63
2687	911	28	46.03
2688	911	23	368.18
2689	911	25	169.38
2690	911	11	312.74
2696	914	18	50.93
2697	914	14	421.43
2698	914	3	211.29
2699	914	17	181.21
2700	915	15	10.27
2701	915	12	188.62
2702	915	30	622.96
2703	915	5	462.17
2711	919	30	331.83
2712	919	9	28.62
2713	919	19	813.92
2714	919	28	624.56
2723	924	28	339.34
2724	924	11	56.56
2725	924	12	21.93
2726	924	4	322.03
2727	925	2	694.34
2728	925	26	173.78
2729	925	27	42.22
2730	925	14	414.67
2731	925	22	8.66
2732	926	22	191.26
2733	926	6	448.52
2734	926	14	400.33
2735	926	25	512.62
2750	932	26	429.2
2751	932	7	28.23
2752	932	19	538.69
2753	932	25	173.85
2754	933	28	402.3
2755	933	6	9.48
2756	933	21	676.52
2757	933	25	274.0
2758	933	24	226.45
2762	935	2	300.49
2763	935	21	171.02
2764	935	7	83.63
2765	935	22	496.43
2770	938	12	713.18
2771	938	26	422.33
2772	938	4	262.89
2773	938	7	86.69
2774	939	26	435.06
2775	939	25	56.19
2776	939	21	50.54
2777	939	14	31.58
2778	939	8	217.15
2779	940	25	52.14
2780	940	29	54.77
2781	940	8	378.81
2782	940	21	99.04
2783	940	22	761.54
2784	941	20	967.17
2785	941	24	528.82
2786	941	6	307.56
2787	941	1	86.92
2788	941	11	434.82
2797	946	6	11.79
2798	946	28	69.01
2799	946	29	182.7
2800	946	8	1.46
2801	946	27	353.05
2802	947	27	143.14
2803	947	15	337.65
2804	947	10	90.94
2805	947	22	144.43
2806	947	19	172.01
2809	949	24	477.0
2810	949	20	130.01
2811	949	27	89.4
2812	949	13	141.6
2813	950	19	45.9
2814	950	5	822.64
2815	950	24	39.0
2816	950	26	347.75
2818	952	27	131.17
2819	952	2	515.19
2820	952	7	242.59
2821	952	16	523.8
2828	956	8	277.21
2829	956	16	723.21
2830	956	17	239.98
2831	956	26	357.89
2851	966	28	372.42
2852	966	4	680.28
2853	966	8	212.24
2854	966	17	468.99
2862	970	7	122.75
2863	970	15	199.95
2864	970	30	315.38
2865	970	14	0.37
2872	974	3	81.81
2873	974	28	105.67
2874	974	26	370.13
2875	974	13	807.97
2876	974	30	706.46
2883	979	27	136.0
2884	979	19	675.29
2885	979	4	958.67
2886	979	16	13.31
2887	979	14	832.92
2888	980	11	60.9
2889	980	19	78.55
2890	980	27	799.86
2891	980	7	85.17
2892	981	20	247.1
2893	981	25	527.47
2894	981	15	69.95
2895	981	10	20.87
2896	982	11	355.8
2897	982	9	224.77
2898	982	2	229.94
2899	982	16	373.09
2900	982	1	207.25
2905	985	2	771.44
2906	985	24	764.49
2907	985	4	145.37
2908	985	18	291.44
2912	988	24	974.83
2913	988	13	80.21
2914	988	29	223.67
2915	988	18	1081.67
2916	988	11	282.61
2920	990	15	264.5
2921	990	17	46.16
2922	990	22	442.76
2923	990	8	260.85
2926	992	19	56.68
2927	992	1	164.22
2928	992	25	126.12
2929	992	21	217.65
2936	996	29	893.83
2937	996	11	43.79
2938	996	10	234.77
2939	996	23	858.43
2940	996	8	484.91
2942	998	4	11.65
2943	998	8	462.43
2944	998	18	32.77
2945	998	13	55.56
2946	999	11	79.89
2947	999	17	106.77
2948	999	1	625.44
2949	999	25	191.2
2950	1000	8	136.94
2951	1000	5	583.91
2952	1000	15	4.05
2953	1000	14	32.94
2954	1000	4	279.91
2955	1001	1	207.05
2956	1001	6	828.86
2957	1001	16	445.77
2958	1001	7	337.11
2959	1001	3	19.32
2962	1003	28	100.67
2963	1003	29	757.74
2964	1003	6	156.38
2965	1003	3	634.17
2966	1003	12	75.49
2974	1007	4	0.68
2975	1007	3	121.18
2976	1007	26	327.45
2977	1007	17	331.94
2998	1017	9	138.62
2999	1017	30	909.51
3000	1017	19	855.26
3001	1017	6	388.52
3002	1018	18	548.09
3003	1018	28	50.35
3004	1018	9	153.21
3005	1018	24	270.39
3006	1018	21	1040.22
3007	1019	19	92.18
3008	1019	30	220.56
3009	1019	8	934.98
3010	1019	23	55.29
3013	1021	11	37.31
3014	1021	14	428.21
3015	1021	3	102.6
3016	1021	25	20.46
3020	1024	30	555.51
3021	1024	21	394.86
3022	1024	23	303.58
3023	1024	17	78.06
3032	1030	7	97.39
3033	1030	27	927.06
3034	1030	6	799.55
3035	1030	11	347.85
3036	1030	10	574.54
3037	1031	4	152.88
3038	1031	5	342.79
3039	1031	29	188.04
3040	1031	6	2.22
3041	1031	20	115.53
3044	1033	24	23.76
3045	1033	5	36.44
3046	1033	8	664.34
3047	1033	7	819.31
3048	1033	6	107.67
3051	1035	26	173.63
3052	1035	30	364.03
3053	1035	3	219.32
3054	1035	14	338.55
3055	1035	4	285.72
3056	1036	3	294.96
3057	1036	2	119.85
3058	1036	12	454.28
3059	1036	27	232.92
3060	1036	20	4.28
3065	1039	14	188.15
3066	1039	19	194.13
3067	1039	26	672.27
3068	1039	5	39.8
3069	1039	4	378.59
3074	1043	23	576.85
3075	1043	25	63.63
3076	1043	26	247.43
3077	1043	20	825.96
3078	1043	28	290.97
3079	1044	19	5.49
3080	1044	18	143.3
3081	1044	9	153.21
3082	1044	11	296.9
3090	1049	14	835.2
3091	1049	6	90.63
3092	1049	18	625.0
3093	1049	11	245.35
3094	1049	26	50.35
3095	1050	23	980.33
3096	1050	26	24.86
3097	1050	15	360.47
3098	1050	10	256.52
3106	1055	22	109.84
3107	1055	7	735.28
3108	1055	23	78.55
3109	1055	17	189.4
3110	1055	11	577.89
3111	1056	3	25.09
3112	1056	26	249.22
3113	1056	22	167.23
3114	1056	6	274.06
3115	1056	17	538.75
3137	1068	24	477.15
3138	1068	16	39.89
3139	1068	23	612.27
3140	1068	12	444.79
3141	1069	5	127.27
3142	1069	30	146.5
3143	1069	9	170.48
3144	1069	28	177.28
3145	1070	17	446.11
3146	1070	18	575.21
3147	1070	8	2.25
3148	1070	19	12.52
3149	1070	21	129.72
3150	1071	10	223.03
3151	1071	2	735.25
3152	1071	11	15.26
3153	1071	22	266.64
3154	1071	26	307.41
3155	1072	23	25.14
3156	1072	11	74.29
3157	1072	9	26.15
3158	1072	12	499.31
3161	1074	14	245.36
3162	1074	22	529.08
3163	1074	30	244.77
3164	1074	28	525.61
3165	1074	7	542.59
3171	1077	22	763.24
3172	1077	1	537.97
3173	1077	13	163.55
3174	1077	5	34.06
3185	1082	5	578.13
3186	1082	3	584.02
3187	1082	20	243.78
3188	1082	27	169.64
3190	1084	14	598.98
3191	1084	8	130.34
3192	1084	15	593.19
3193	1084	22	146.77
3194	1084	7	184.53
3196	1086	1	69.52
3197	1086	17	8.95
3198	1086	27	7.62
3199	1086	13	15.52
3206	1090	8	585.9
3207	1090	11	159.09
3208	1090	4	482.22
3209	1090	16	13.44
3215	1094	28	60.65
3216	1094	3	37.28
3217	1094	11	263.6
3218	1094	29	239.91
3229	1099	12	160.13
3230	1099	18	194.99
3231	1099	5	381.11
3232	1099	6	75.67
3233	1099	20	39.43
3238	1102	15	69.23
3239	1102	10	674.67
3240	1102	24	58.55
3241	1102	26	194.86
3242	1102	18	206.44
3258	1111	11	265.51
3259	1111	25	170.99
3260	1111	2	12.86
3261	1111	22	202.27
3270	1115	29	579.42
3271	1115	1	414.33
3272	1115	13	119.27
3273	1115	2	599.36
3274	1115	7	55.79
3281	1120	27	174.22
3282	1120	30	683.64
3283	1120	18	549.33
3284	1120	13	103.33
3285	1121	2	383.48
3286	1121	4	668.15
3287	1121	26	100.62
3288	1121	17	146.53
3289	1121	23	26.22
3295	1124	30	863.63
3296	1124	10	492.18
3297	1124	26	159.49
3298	1124	27	519.97
3314	1131	21	38.84
3315	1131	28	837.36
3316	1131	3	271.1
3317	1131	12	262.95
3318	1132	30	2.6
3319	1132	17	773.35
3320	1132	26	92.48
3321	1132	25	564.55
3324	1134	6	707.16
3325	1134	20	64.08
3326	1134	22	572.29
3327	1134	14	505.14
3328	1134	15	63.18
3337	1139	4	53.03
3338	1139	16	134.04
3339	1139	23	134.5
3340	1139	25	159.88
3341	1139	29	108.73
3346	1142	29	64.64
3347	1142	8	846.46
3348	1142	10	24.49
3349	1142	16	298.14
3358	1146	20	86.7
3359	1146	2	806.52
3360	1146	18	385.16
3361	1146	28	127.42
3362	1146	14	165.95
3363	1147	26	98.88
3364	1147	27	62.55
3365	1147	11	509.81
3366	1147	20	262.84
3367	1147	24	35.64
3369	1149	5	415.99
3370	1149	4	242.88
3371	1149	20	1.54
3372	1149	29	8.84
3373	1149	15	531.46
3379	1152	21	101.98
3380	1152	5	118.45
3381	1152	1	772.54
3382	1152	9	82.03
3383	1152	4	550.54
3384	1153	8	432.86
3385	1153	28	258.16
3386	1153	27	327.24
3387	1153	11	60.05
3389	1155	18	202.64
3390	1155	27	104.2
3391	1155	6	115.79
3392	1155	10	73.88
3393	1155	11	263.34
3400	1161	25	118.69
3401	1161	21	256.85
3402	1161	10	393.28
3403	1161	24	411.63
3404	1162	5	452.67
3405	1162	16	157.11
3406	1162	27	214.42
3407	1162	26	156.87
3408	1163	2	964.72
3409	1163	8	531.77
3410	1163	24	103.89
3411	1163	28	126.72
3412	1163	26	390.8
3413	1164	19	458.8
3414	1164	23	259.24
3415	1164	2	213.54
3416	1164	9	296.87
3417	1164	27	42.21
3418	1165	16	29.87
3419	1165	12	348.61
3420	1165	23	169.13
3421	1165	11	215.83
3422	1165	26	931.93
3423	1166	30	44.85
3424	1166	21	62.27
3425	1166	6	18.4
3426	1166	20	149.98
3427	1166	8	684.56
3439	1173	17	46.69
3440	1173	23	126.45
3441	1173	11	614.59
3442	1173	6	154.95
3443	1173	30	39.49
3455	1178	24	349.23
3456	1178	6	73.97
3457	1178	27	44.02
3458	1178	28	4.36
3460	1180	21	58.56
3461	1180	11	496.85
3462	1180	27	126.37
3463	1180	20	657.74
3464	1180	14	512.28
3465	1181	20	159.6
3466	1181	5	83.36
3467	1181	29	481.93
3468	1181	24	826.54
3471	1183	3	583.76
3472	1183	9	5.28
3473	1183	12	382.27
3474	1183	18	610.09
3475	1183	26	282.75
3479	1186	13	590.78
3480	1186	3	494.71
3481	1186	14	378.89
3482	1186	5	19.98
3483	1187	5	441.73
3484	1187	4	615.04
3485	1187	29	172.02
3486	1187	11	265.73
3487	1188	21	613.51
3488	1188	6	88.93
3489	1188	30	479.84
3490	1188	26	3.69
3492	1190	1	396.91
3493	1190	7	681.81
3494	1190	10	953.22
3495	1190	3	134.47
3506	1195	17	1.28
3507	1195	12	282.28
3508	1195	3	966.16
3509	1195	2	167.34
3510	1196	18	298.75
3511	1196	1	90.41
3512	1196	30	341.3
3513	1196	17	34.26
3523	1201	3	183.75
3524	1201	9	237.85
3525	1201	10	60.52
3526	1201	25	403.11
3535	1206	26	382.4
3536	1206	30	704.35
3537	1206	6	175.95
3538	1206	25	85.46
3539	1206	13	463.22
3540	1207	23	47.77
3541	1207	29	118.27
3542	1207	14	211.2
3543	1207	9	8.48
3544	1207	2	335.87
3545	1208	22	311.37
3546	1208	15	678.58
3547	1208	18	294.88
3548	1208	25	100.25
3549	1208	9	468.81
3554	1211	1	526.78
3555	1211	16	2.08
3556	1211	10	64.31
3557	1211	22	269.04
3558	1211	23	15.26
3563	1214	17	395.76
3564	1214	3	83.43
3565	1214	15	24.62
3566	1214	7	82.6
3567	1214	23	305.32
3571	1216	22	156.14
3572	1216	29	357.81
3573	1216	21	136.15
3574	1216	17	85.45
3583	1220	26	47.9
3584	1220	8	808.3
3585	1220	6	55.6
3586	1220	24	699.15
3588	1222	19	265.33
3589	1222	27	55.83
3590	1222	1	44.15
3591	1222	29	411.96
3607	1232	28	311.4
3608	1232	11	463.43
3609	1232	16	131.23
3610	1232	6	764.04
3615	1235	9	624.19
3616	1235	30	144.36
3617	1235	26	111.81
3618	1235	14	196.29
3619	1235	29	411.04
3620	1236	7	175.95
3621	1236	15	54.36
3622	1236	11	262.76
3623	1236	9	921.55
3624	1237	19	135.91
3625	1237	27	150.01
3626	1237	1	185.79
3627	1237	16	128.98
3628	1238	26	355.36
3629	1238	18	412.13
3630	1238	29	465.07
3631	1238	11	347.98
3632	1239	5	443.29
3633	1239	22	201.97
3634	1239	3	592.31
3635	1239	16	63.35
3636	1240	6	325.09
3637	1240	24	190.68
3638	1240	28	126.33
3639	1240	23	350.27
3645	1243	16	804.8
3646	1243	5	228.69
3647	1243	11	460.79
3648	1243	21	208.4
3654	1246	11	158.4
3655	1246	15	337.39
3656	1246	17	390.56
3657	1246	23	67.06
3660	1249	4	54.23
3661	1249	16	699.67
3662	1249	28	515.45
3663	1249	11	241.65
3664	1249	14	883.99
3665	1250	28	462.68
3666	1250	8	235.13
3667	1250	5	556.4
3668	1250	17	84.88
3669	1250	18	630.22
3670	1251	26	148.51
3671	1251	15	82.02
3672	1251	17	45.25
3673	1251	21	249.91
3674	1251	29	296.86
3681	1256	20	633.25
3682	1256	1	123.68
3683	1256	22	580.06
3684	1256	17	12.34
3685	1256	11	226.11
3689	1259	28	670.69
3690	1259	25	928.14
3691	1259	19	168.57
3692	1259	30	66.3
3697	1262	9	22.36
3698	1262	17	12.28
3699	1262	3	751.41
3700	1262	4	322.46
3701	1263	9	711.71
3702	1263	3	213.07
3703	1263	27	559.33
3704	1263	5	435.47
3707	1265	7	57.18
3708	1265	19	447.04
3709	1265	12	13.98
3710	1265	2	349.53
3711	1265	21	62.26
3712	1266	2	402.48
3713	1266	28	129.55
3714	1266	7	56.28
3715	1266	22	34.93
3718	1268	12	296.77
3719	1268	10	536.77
3720	1268	3	234.05
3721	1268	17	463.21
3724	1270	4	137.83
3725	1270	18	62.41
3726	1270	29	68.64
3727	1270	14	166.15
3728	1270	6	482.26
3733	1273	5	316.37
3734	1273	8	580.21
3735	1273	10	276.47
3736	1273	17	125.21
3737	1274	3	93.84
3738	1274	16	49.94
3739	1274	15	483.45
3740	1274	17	440.92
3743	1277	8	503.68
3744	1277	25	203.4
3745	1277	27	463.15
3746	1277	2	39.04
3758	1284	9	120.77
3759	1284	20	990.81
3760	1284	14	602.3
3761	1284	18	587.29
3762	1284	12	3.15
3763	1285	11	80.97
3764	1285	21	663.94
3765	1285	15	41.26
3766	1285	30	151.83
3767	1285	25	41.31
3768	1286	2	405.19
3769	1286	7	153.15
3770	1286	26	19.09
3771	1286	17	584.92
3772	1286	14	155.58
3776	1289	9	194.71
3777	1289	12	5.43
3778	1289	17	453.59
3779	1289	29	256.08
3780	1289	30	166.82
3781	1290	12	353.56
3782	1290	30	669.4
3783	1290	13	864.32
3784	1290	21	215.81
3785	1290	20	505.34
3789	1293	3	473.72
3790	1293	24	407.25
3791	1293	15	155.34
3792	1293	11	945.53
3793	1293	25	734.22
3806	1299	12	119.29
3807	1299	1	693.94
3808	1299	11	180.73
3809	1299	10	67.84
3810	1300	14	545.84
3811	1300	9	112.87
3812	1300	25	270.2
3813	1300	17	53.87
3814	1300	30	593.64
3818	1302	6	833.82
3819	1302	11	581.73
3820	1302	18	35.18
3821	1302	21	220.62
3831	1306	14	97.05
3832	1306	2	56.35
3833	1306	21	60.78
3834	1306	17	109.53
3835	1306	27	29.87
3839	1308	13	189.47
3840	1308	28	23.26
3841	1308	21	775.63
3842	1308	22	215.14
3843	1308	29	290.35
3846	1310	7	294.49
3847	1310	4	210.54
3848	1310	9	606.84
3849	1310	10	174.24
3850	1311	3	105.93
3851	1311	18	223.18
3852	1311	15	640.64
3853	1311	8	189.27
3854	1311	29	18.07
3863	1315	11	374.5
3864	1315	2	395.52
3865	1315	17	720.52
3866	1315	6	11.97
3867	1315	3	331.91
3868	1316	16	68.9
3869	1316	22	87.96
3870	1316	29	314.64
3871	1316	14	368.61
3872	1316	13	25.06
3873	1317	16	468.13
3874	1317	14	88.84
3875	1317	18	66.12
3876	1317	5	78.4
3883	1321	28	15.18
3884	1321	20	179.97
3885	1321	8	346.46
3886	1321	29	373.32
3887	1321	12	3.04
3888	1322	21	84.13
3889	1322	25	161.93
3890	1322	10	168.14
3891	1322	15	25.38
3892	1322	23	338.15
3895	1324	14	241.73
3896	1324	30	217.7
3897	1324	12	272.33
3898	1324	15	119.28
3899	1325	6	209.7
3900	1325	25	115.46
3901	1325	30	41.55
3902	1325	20	416.78
3903	1326	27	33.47
3904	1326	22	744.19
3905	1326	3	259.77
3906	1326	8	953.76
3907	1327	1	394.52
3908	1327	21	414.05
3909	1327	20	48.3
3910	1327	11	38.5
3916	1330	2	682.93
3917	1330	26	388.64
3918	1330	22	38.2
3919	1330	30	179.86
3920	1330	11	26.74
3926	1333	10	515.1
3927	1333	6	111.8
3928	1333	4	1.66
3929	1333	14	148.25
3930	1333	13	436.01
3939	1338	23	599.89
3940	1338	29	26.48
3941	1338	24	90.39
3942	1338	26	752.54
3943	1338	9	368.05
3944	1339	7	45.87
3945	1339	28	373.51
3946	1339	2	377.46
3947	1339	29	634.08
3948	1339	4	471.67
3949	1340	27	176.65
3950	1340	3	151.73
3951	1340	13	176.96
3952	1340	10	28.92
3953	1340	5	177.67
3955	1342	19	603.39
3956	1342	3	101.63
3957	1342	15	710.91
3958	1342	1	548.41
3960	1344	22	49.55
3961	1344	14	151.93
3962	1344	1	358.87
3963	1344	19	183.44
3964	1344	5	379.35
3967	1346	28	308.63
3968	1346	27	697.05
3969	1346	26	224.5
3970	1346	25	136.24
3975	1349	7	395.6
3976	1349	15	1006.18
3977	1349	11	259.6
3978	1349	19	765.11
3979	1350	30	191.65
3980	1350	2	16.35
3981	1350	25	790.41
3982	1350	21	554.69
3983	1350	15	271.12
3984	1351	15	281.46
3985	1351	24	771.7
3986	1351	13	291.48
3987	1351	17	240.56
3988	1352	8	218.41
3989	1352	16	179.11
3990	1352	15	471.73
3991	1352	28	35.89
3992	1353	5	733.7
3993	1353	16	40.91
3994	1353	1	183.53
3995	1353	19	448.75
3996	1353	2	112.78
4005	1360	1	35.93
4006	1360	2	359.04
4007	1360	30	129.46
4008	1360	8	123.97
4022	1366	12	57.51
4023	1366	9	38.63
4024	1366	7	152.85
4025	1366	25	123.14
4026	1366	15	48.73
4033	1370	12	97.45
4034	1370	18	489.09
4035	1370	20	119.06
4036	1370	28	481.11
4049	1376	21	1.67
4050	1376	20	635.46
4051	1376	11	8.95
4052	1376	7	416.68
4054	1378	28	285.66
4055	1378	24	199.11
4056	1378	22	318.62
4057	1378	3	111.79
4059	1380	2	106.94
4060	1380	17	133.76
4061	1380	21	106.2
4062	1380	14	177.23
4066	1382	12	149.35
4067	1382	23	559.49
4068	1382	25	450.93
4069	1382	5	52.68
4070	1382	30	351.98
4071	1383	13	714.18
4072	1383	7	509.53
4073	1383	6	165.89
4074	1383	16	181.09
4080	1387	18	475.55
4081	1387	12	32.54
4082	1387	29	767.83
4083	1387	10	788.29
4084	1387	21	157.41
4097	1394	2	154.77
4098	1394	27	71.69
4099	1394	3	73.31
4100	1394	16	191.52
4113	1401	9	658.31
4114	1401	5	91.16
4115	1401	8	399.71
4116	1401	6	641.78
4117	1401	22	693.56
4121	1404	8	134.23
4122	1404	4	631.88
4123	1404	27	122.2
4124	1404	14	288.27
4125	1404	15	103.59
4131	1407	15	193.21
4132	1407	22	722.58
4133	1407	19	102.26
4134	1407	5	357.99
4140	1410	9	230.21
4141	1410	6	54.14
4142	1410	22	267.96
4143	1410	12	43.39
4145	1412	25	279.97
4146	1412	1	2.23
4147	1412	24	337.03
4148	1412	10	893.78
4149	1412	2	714.58
4154	1415	11	138.06
4155	1415	24	28.27
4156	1415	9	130.97
4157	1415	8	28.08
4158	1416	22	18.01
4159	1416	11	147.66
4160	1416	28	590.65
4161	1416	25	157.42
4162	1416	5	202.96
4163	1417	4	130.26
4164	1417	10	223.78
4165	1417	20	44.9
4166	1417	27	416.93
4172	1420	13	457.37
4173	1420	25	743.44
4174	1420	2	85.66
4175	1420	28	326.44
4176	1420	23	263.51
4180	1422	11	349.05
4181	1422	18	384.08
4182	1422	13	666.21
4183	1422	29	232.59
4184	1423	4	43.67
4185	1423	12	187.38
4186	1423	28	198.83
4187	1423	18	17.86
4192	1426	18	31.89
4193	1426	27	149.96
4194	1426	24	166.08
4195	1426	9	375.79
4196	1426	30	356.55
4197	1427	7	314.1
4198	1427	20	12.59
4199	1427	8	548.19
4200	1427	5	269.03
4201	1427	23	707.27
4207	1430	16	693.27
4208	1430	7	338.1
4209	1430	13	333.19
4210	1430	12	268.02
4211	1430	15	376.35
4212	1431	28	18.97
4213	1431	4	410.04
4214	1431	20	235.75
4215	1431	23	44.17
4217	1433	1	100.26
4218	1433	3	0.86
4219	1433	8	375.85
4220	1433	25	612.98
4228	1438	20	190.41
4229	1438	2	353.44
4230	1438	8	2.14
4231	1438	27	117.43
4232	1438	9	1.02
4237	1441	9	601.14
4238	1441	19	110.38
4239	1441	8	169.99
4240	1441	25	223.89
4246	1444	9	725.71
4247	1444	8	1057.34
4248	1444	6	630.53
4249	1444	19	1091.26
4250	1444	26	292.61
4257	1448	14	876.47
4258	1448	5	87.99
4259	1448	2	23.17
4260	1448	8	335.06
4261	1448	18	0.93
4265	1450	28	71.68
4266	1450	18	444.31
4267	1450	29	491.42
4268	1450	23	425.42
4272	1452	18	3.37
4273	1452	10	417.45
4274	1452	22	19.58
4275	1452	9	38.44
4278	1454	11	135.08
4279	1454	30	529.06
4280	1454	17	135.75
4281	1454	12	716.25
4291	1459	15	180.76
4292	1459	27	876.74
4293	1459	29	47.87
4294	1459	2	789.12
4295	1459	28	225.05
4299	1461	23	526.02
4300	1461	30	13.83
4301	1461	2	36.04
4302	1461	10	202.03
4303	1461	6	41.4
4305	1463	13	235.21
4306	1463	24	178.93
4307	1463	11	8.64
4308	1463	19	274.76
4309	1463	1	332.45
4313	1465	15	116.15
4314	1465	11	650.07
4315	1465	7	344.22
4316	1465	10	81.2
4319	1467	7	26.32
4320	1467	17	99.1
4321	1467	19	643.71
4322	1467	8	198.57
4323	1468	2	914.03
4324	1468	17	332.02
4325	1468	20	85.7
4326	1468	30	20.34
4329	1470	20	7.46
4330	1470	26	542.47
4331	1470	4	224.32
4332	1470	24	88.73
4337	1473	6	118.24
4338	1473	18	342.46
4339	1473	13	30.57
4340	1473	8	390.44
4346	1477	2	123.27
4347	1477	3	485.68
4348	1477	18	236.51
4349	1477	5	550.14
4351	1479	29	109.77
4352	1479	23	368.32
4353	1479	9	40.03
4354	1479	14	42.03
4355	1479	11	526.44
4363	1484	23	25.01
4364	1484	24	164.51
4365	1484	5	103.36
4366	1484	4	237.96
4367	1484	20	81.13
4368	1485	30	167.97
4369	1485	16	223.74
4370	1485	15	79.98
4371	1485	18	32.32
4372	1485	11	308.84
4378	1488	3	53.07
4379	1488	14	244.32
4380	1488	17	174.82
4381	1488	23	862.86
4382	1489	8	186.35
4383	1489	4	139.07
4384	1489	2	416.54
4385	1489	14	897.16
4386	1489	25	135.47
4392	1493	5	397.46
4393	1493	26	123.29
4394	1493	10	657.87
4395	1493	4	493.6
4396	1493	21	445.9
4405	1498	9	801.26
4406	1498	8	95.19
4407	1498	18	402.9
4408	1498	23	58.18
4412	1500	20	61.09
4413	1500	8	99.21
4414	1500	23	86.17
4415	1500	26	532.94
4416	1501	12	65.16
4417	1501	7	528.33
4418	1501	30	564.25
4419	1501	1	109.3
4420	1502	20	197.67
4421	1502	24	48.99
4422	1502	5	67.7
4423	1502	7	110.45
4424	1502	28	170.28
4428	1504	18	52.81
4429	1504	10	386.5
4430	1504	11	529.92
4431	1504	17	8.44
4438	1507	15	187.07
4439	1507	25	1001.96
4440	1507	1	237.84
4441	1507	6	945.73
4445	1509	27	311.63
4446	1509	6	936.88
4447	1509	7	270.47
4448	1509	10	584.42
4449	1510	24	159.84
4450	1510	1	340.83
4451	1510	10	577.0
4452	1510	13	995.21
4459	1515	17	2.56
4460	1515	9	1028.04
4461	1515	26	56.18
4462	1515	25	516.32
4463	1515	11	37.46
4468	1519	9	327.06
4469	1519	1	251.17
4470	1519	7	37.23
4471	1519	8	604.96
4473	1521	29	173.77
4474	1521	6	160.25
4475	1521	26	357.16
4476	1521	14	845.85
4477	1521	13	37.42
4479	1523	2	23.36
4480	1523	25	276.29
4481	1523	1	1051.15
4482	1523	18	15.88
4483	1523	29	626.38
4487	1527	18	540.73
4488	1527	24	80.18
4489	1527	5	41.71
4490	1527	25	531.47
4491	1528	8	165.76
4492	1528	19	72.12
4493	1528	23	790.26
4494	1528	12	319.16
4495	1528	7	12.81
4502	1532	2	27.47
4503	1532	23	137.86
4504	1532	21	477.02
4505	1532	14	90.52
4515	1537	3	56.11
4516	1537	28	331.35
4517	1537	21	73.9
4518	1537	14	65.77
4519	1538	10	243.55
4520	1538	17	411.07
4521	1538	18	36.02
4522	1538	1	173.36
4525	1540	28	249.15
4526	1540	29	585.33
4527	1540	2	800.32
4528	1540	7	729.62
4529	1540	4	737.01
4531	1542	7	464.0
4532	1542	25	676.68
4533	1542	24	145.15
4534	1542	27	619.95
4535	1542	28	484.05
4536	1543	6	532.57
4537	1543	21	12.21
4538	1543	28	445.19
4539	1543	17	0.13
4540	1543	16	55.37
4545	1546	4	80.81
4546	1546	12	23.53
4547	1546	14	182.45
4548	1546	9	10.66
4549	1546	3	89.63
4555	1550	30	841.96
4556	1550	26	802.07
4557	1550	14	0.0
4558	1550	9	163.68
4562	1552	12	136.26
4563	1552	16	137.55
4564	1552	27	296.09
4565	1552	29	10.02
4572	1556	9	67.32
4573	1556	24	300.94
4574	1556	5	160.21
4575	1556	7	543.25
4579	1558	11	123.69
4580	1558	26	433.64
4581	1558	15	218.66
4582	1558	12	60.48
4585	1560	26	97.47
4586	1560	13	241.12
4587	1560	9	135.75
4588	1560	1	106.51
4591	1563	16	96.2
4592	1563	27	724.32
4593	1563	11	236.53
4594	1563	21	24.74
4595	1563	1	646.99
4600	1567	26	607.15
4601	1567	16	62.81
4602	1567	4	70.82
4603	1567	22	268.77
4604	1567	19	822.22
4606	1569	4	99.21
4607	1569	20	1023.16
4608	1569	26	69.85
4609	1569	8	87.66
4610	1569	1	334.32
4615	1572	7	171.8
4616	1572	16	373.9
4617	1572	3	57.33
4618	1572	15	102.48
4624	1575	2	43.15
4625	1575	13	78.07
4626	1575	15	493.22
4627	1575	8	230.13
4630	1578	14	29.92
4631	1578	24	206.14
4632	1578	15	33.07
4633	1578	30	295.26
4634	1578	11	152.56
4640	1581	15	489.62
4641	1581	22	831.93
4642	1581	1	47.2
4643	1581	29	50.82
4648	1585	13	497.85
4649	1585	12	33.71
4650	1585	5	30.88
4651	1585	1	48.59
4659	1590	21	288.9
4660	1590	27	14.15
4661	1590	25	576.28
4662	1590	16	117.6
4663	1590	5	601.51
4670	1593	5	685.47
4671	1593	6	434.78
4672	1593	12	48.35
4673	1593	3	97.62
4674	1593	26	181.88
4675	1594	3	408.87
4676	1594	15	38.97
4677	1594	28	560.95
4678	1594	21	46.68
4679	1595	3	532.42
4680	1595	30	63.87
4681	1595	11	303.89
4682	1595	7	28.15
4688	1598	30	331.56
4689	1598	7	30.15
4690	1598	14	658.4
4691	1598	11	323.58
4692	1599	18	102.56
4693	1599	23	88.39
4694	1599	9	674.89
4695	1599	8	451.65
4696	1599	28	506.86
4700	1601	17	55.53
4701	1601	6	61.27
4702	1601	8	700.89
4703	1601	13	5.04
4704	1601	18	54.61
4705	1602	3	98.29
4706	1602	24	10.94
4707	1602	17	61.09
4708	1602	26	130.7
4723	1609	5	434.39
4724	1609	16	485.67
4725	1609	22	42.98
4726	1609	8	729.64
4735	1613	19	17.42
4736	1613	13	819.7
4737	1613	6	143.31
4738	1613	24	118.91
4744	1616	18	107.13
4745	1616	23	349.01
4746	1616	17	154.12
4747	1616	3	67.7
4748	1617	13	164.36
4749	1617	25	0.05
4750	1617	3	56.69
4751	1617	28	571.24
4753	1619	30	978.09
4754	1619	11	226.39
4755	1619	22	369.21
4756	1619	4	216.94
4757	1619	27	33.82
4758	1620	21	18.42
4759	1620	29	560.42
4760	1620	27	800.69
4761	1620	10	16.15
4763	1622	14	566.44
4764	1622	9	93.2
4765	1622	25	598.55
4766	1622	7	437.14
4767	1622	6	38.77
4768	1623	7	478.84
4769	1623	18	640.32
4770	1623	2	52.05
4771	1623	3	22.41
4773	1625	9	290.87
4774	1625	1	703.78
4775	1625	15	331.34
4776	1625	19	649.74
4777	1625	10	219.97
4788	1630	6	27.73
4789	1630	19	42.78
4790	1630	16	722.51
4791	1630	21	823.3
4792	1630	4	498.82
4799	1633	28	89.62
4800	1633	24	6.93
4801	1633	4	214.27
4802	1633	7	570.53
4825	1644	22	1053.74
4826	1644	30	110.92
4827	1644	12	331.27
4828	1644	8	92.13
4830	1646	17	7.04
4831	1646	10	181.78
4832	1646	20	296.42
4833	1646	12	227.57
4839	1649	14	13.79
4840	1649	8	933.87
4841	1649	30	30.15
4842	1649	9	620.54
4843	1650	22	860.49
4844	1650	23	324.08
4845	1650	7	161.75
4846	1650	27	206.93
4847	1650	10	153.66
4857	1655	16	470.91
4858	1655	8	520.8
4859	1655	22	48.79
4860	1655	6	192.68
4871	1660	7	12.62
4872	1660	5	16.33
4873	1660	20	255.29
4874	1660	19	389.17
4878	1662	5	59.7
4879	1662	1	493.86
4880	1662	20	191.0
4881	1662	17	277.67
4882	1662	14	268.46
4883	1663	21	9.74
4884	1663	16	914.82
4885	1663	20	22.64
4886	1663	7	108.09
4887	1663	14	597.85
4893	1666	17	552.06
4894	1666	29	47.58
4895	1666	22	327.19
4896	1666	11	1001.58
4897	1666	8	435.47
4900	1668	8	616.97
4901	1668	19	308.9
4902	1668	15	601.61
4903	1668	21	34.97
4904	1668	9	25.01
4905	1669	25	889.09
4906	1669	23	62.24
4907	1669	29	445.5
4908	1669	20	32.05
4912	1672	27	30.89
4913	1672	22	145.11
4914	1672	15	76.87
4915	1672	11	48.39
4916	1672	6	307.97
4918	1674	28	339.76
4919	1674	21	771.94
4920	1674	17	137.14
4921	1674	29	283.67
4922	1674	1	354.51
4932	1678	10	327.99
4933	1678	5	682.21
4934	1678	29	182.44
4935	1678	21	262.12
4936	1678	11	0.7
4940	1680	12	298.06
4941	1680	4	40.53
4942	1680	16	540.18
4943	1680	1	624.48
4944	1680	6	15.04
4947	1682	12	107.31
4948	1682	9	262.52
4949	1682	1	172.44
4950	1682	24	4.24
4951	1683	22	527.72
4952	1683	25	508.02
4953	1683	9	75.58
4954	1683	15	350.67
4955	1683	27	223.51
4959	1685	26	290.4
4960	1685	14	217.38
4961	1685	12	184.26
4962	1685	5	7.47
4963	1685	9	517.73
4966	1687	19	383.7
4967	1687	20	382.0
4968	1687	12	539.41
4969	1687	9	177.02
4970	1687	22	442.07
4971	1688	14	2.31
4972	1688	25	220.71
4973	1688	15	341.86
4974	1688	23	413.17
4975	1689	23	98.83
4976	1689	27	235.96
4977	1689	6	308.54
4978	1689	28	32.96
4979	1689	4	35.02
4981	1691	13	973.83
4982	1691	17	350.84
4983	1691	26	460.12
4984	1691	4	521.62
4985	1692	30	616.94
4986	1692	7	106.02
4987	1692	5	528.67
4988	1692	26	237.28
4994	1696	7	201.47
4995	1696	12	176.74
4996	1696	3	145.84
4997	1696	6	0.98
4998	1696	10	559.05
5006	1700	1	967.49
5007	1700	2	801.81
5008	1700	6	550.25
5009	1700	18	383.58
5020	1705	8	829.58
5021	1705	4	130.12
5022	1705	20	436.92
5023	1705	28	840.85
5024	1706	1	344.98
5025	1706	2	368.14
5026	1706	16	98.37
5027	1706	10	161.83
5028	1706	4	78.12
5034	1709	16	831.31
5035	1709	14	125.95
5036	1709	3	8.03
5037	1709	4	137.76
5038	1709	5	226.15
5039	1710	3	77.22
5040	1710	24	467.52
5041	1710	4	123.02
5042	1710	16	907.55
5043	1710	22	19.62
5044	1711	28	212.0
5045	1711	9	59.67
5046	1711	8	134.09
5047	1711	10	425.16
5048	1712	30	321.62
5049	1712	1	411.79
5050	1712	5	287.64
5051	1712	22	519.72
5052	1712	26	186.82
5056	1714	14	526.85
5057	1714	21	998.74
5058	1714	16	405.2
5059	1714	2	51.88
5061	1716	28	60.52
5062	1716	27	257.76
5063	1716	22	263.23
5064	1716	1	207.38
5065	1716	19	37.77
5068	1719	17	91.14
5069	1719	21	119.89
5070	1719	24	0.72
5071	1719	11	272.11
5072	1719	13	163.15
5077	1722	4	15.26
5078	1722	6	33.81
5079	1722	14	235.54
5080	1722	24	216.04
5082	1724	26	9.98
5083	1724	1	39.72
5084	1724	20	164.4
5085	1724	10	227.49
5088	1726	26	40.87
5089	1726	21	227.12
5090	1726	30	42.0
5091	1726	12	8.14
5092	1726	9	120.86
5101	1732	13	716.47
5102	1732	24	1096.87
5103	1732	30	0.75
5104	1732	10	416.68
5105	1732	5	341.58
5106	1733	14	112.54
5107	1733	18	524.47
5108	1733	26	379.06
5109	1733	3	76.12
5117	1738	24	122.12
5118	1738	9	148.09
5119	1738	4	223.77
5120	1738	26	208.53
5121	1738	7	307.12
5129	1743	10	66.42
5130	1743	19	174.59
5131	1743	15	431.12
5132	1743	24	185.16
5133	1743	25	10.68
5137	1746	10	98.92
5138	1746	6	64.02
5139	1746	13	509.77
5140	1746	5	519.65
5158	1756	5	12.3
5159	1756	1	244.56
5160	1756	28	0.99
5161	1756	27	90.53
5162	1756	2	4.35
5167	1759	3	735.08
5168	1759	8	5.37
5169	1759	7	324.89
5170	1759	29	195.44
5171	1759	12	637.64
5175	1762	16	13.24
5176	1762	30	163.84
5177	1762	12	317.33
5178	1762	3	62.69
5179	1763	5	253.82
5180	1763	21	14.66
5181	1763	13	12.22
5182	1763	23	345.99
5188	1766	30	186.21
5189	1766	3	406.07
5190	1766	4	805.79
5191	1766	10	141.29
5192	1766	23	186.05
5195	1768	6	160.95
5196	1768	4	347.02
5197	1768	3	333.65
5198	1768	1	70.6
5199	1768	12	370.27
5201	1770	7	270.51
5202	1770	24	132.63
5203	1770	8	458.67
5204	1770	2	681.01
5205	1770	12	596.61
5206	1771	16	4.29
5207	1771	18	244.32
5208	1771	25	819.73
5209	1771	28	21.3
5213	1773	8	112.44
5214	1773	28	156.07
5215	1773	14	84.95
5216	1773	18	375.27
5220	1775	19	156.6
5221	1775	3	938.38
5222	1775	26	843.59
5223	1775	10	243.51
5224	1775	30	9.23
5228	1777	11	5.28
5229	1777	22	517.98
5230	1777	4	101.64
5231	1777	21	122.61
5238	1780	27	106.81
5239	1780	26	851.82
5240	1780	3	311.48
5241	1780	30	119.49
5242	1781	13	93.4
5243	1781	6	148.47
5244	1781	9	362.17
5245	1781	16	633.54
5249	1783	26	104.37
5250	1783	20	39.02
5251	1783	3	874.48
5252	1783	17	26.76
5253	1783	8	346.86
5254	1784	6	154.99
5255	1784	23	114.95
5256	1784	4	425.65
5257	1784	28	187.71
5258	1785	28	724.88
5259	1785	9	261.43
5260	1785	20	566.39
5261	1785	1	52.61
5262	1786	30	44.15
5263	1786	12	300.44
5264	1786	18	6.21
5265	1786	1	121.64
5266	1786	6	604.85
5267	1787	5	736.98
5268	1787	15	99.16
5269	1787	16	211.38
5270	1787	9	406.16
5276	1790	21	164.16
5277	1790	1	466.62
5278	1790	2	21.9
5279	1790	12	271.47
5280	1790	24	310.04
5281	1791	24	179.46
5282	1791	28	569.78
5283	1791	25	582.93
5284	1791	7	464.93
5285	1791	30	40.64
5286	1792	8	127.81
5287	1792	22	665.51
5288	1792	14	541.03
5289	1792	29	1044.13
5290	1792	18	127.26
5291	1793	14	68.03
5292	1793	17	354.82
5293	1793	8	0.4
5294	1793	29	37.92
5296	1795	22	8.64
5297	1795	15	793.21
5298	1795	3	851.11
5299	1795	14	108.61
5300	1796	15	128.95
5301	1796	22	201.69
5302	1796	18	20.26
5303	1796	29	100.81
5304	1796	11	6.44
5310	1800	12	192.38
5311	1800	25	355.19
5312	1800	24	336.29
5313	1800	29	527.71
5314	1800	18	734.0
5321	1803	1	433.99
5322	1803	14	27.8
5323	1803	15	36.17
5324	1803	2	470.67
5328	1806	10	27.38
5329	1806	18	109.61
5330	1806	20	32.6
5331	1806	14	137.45
5333	1808	16	569.49
5334	1808	18	601.01
5335	1808	26	36.77
5336	1808	13	72.08
5337	1808	27	471.86
5339	1810	29	21.04
5340	1810	22	50.6
5341	1810	25	7.04
5342	1810	23	193.08
5356	1817	30	102.5
5357	1817	18	562.97
5358	1817	1	142.7
5359	1817	23	20.15
5360	1818	8	468.73
5361	1818	17	59.4
5362	1818	5	312.93
5363	1818	28	77.38
5367	1820	22	771.83
5368	1820	3	449.24
5369	1820	30	157.72
5370	1820	11	235.26
5375	1824	10	265.55
5376	1824	22	494.41
5377	1824	27	60.27
5378	1824	2	105.08
5381	1826	28	124.29
5382	1826	24	690.32
5383	1826	26	5.45
5384	1826	30	986.5
5385	1826	23	79.95
5389	1829	28	13.52
5390	1829	30	839.01
5391	1829	22	448.51
5392	1829	19	12.06
5394	1831	20	11.29
5395	1831	25	109.64
5396	1831	29	60.14
5397	1831	18	75.68
5398	1831	8	703.11
5399	1832	20	662.88
5400	1832	25	538.1
5401	1832	28	420.12
5402	1832	21	251.56
5403	1833	16	950.79
5404	1833	17	320.19
5405	1833	12	93.67
5406	1833	11	124.5
5407	1833	21	775.74
5408	1834	8	335.43
5409	1834	7	103.48
5410	1834	21	577.47
5411	1834	1	298.83
5412	1834	4	182.92
5413	1835	18	10.06
5414	1835	17	106.08
5415	1835	1	379.87
5416	1835	14	809.07
5424	1839	18	675.88
5425	1839	2	398.44
5426	1839	1	67.65
5427	1839	30	870.18
5428	1839	4	12.02
5429	1840	16	912.94
5430	1840	21	205.13
5431	1840	19	276.71
5432	1840	27	11.57
5444	1846	10	6.57
5445	1846	30	147.89
5446	1846	7	54.13
5447	1846	24	57.07
5448	1847	15	277.91
5449	1847	14	926.19
5450	1847	2	1085.55
5451	1847	3	318.35
5452	1848	13	59.25
5453	1848	4	120.37
5454	1848	9	559.54
5455	1848	28	215.84
5464	1853	6	16.23
5465	1853	5	413.4
5466	1853	25	398.82
5467	1853	16	237.82
5468	1853	27	341.14
5475	1857	25	154.97
5476	1857	7	53.43
5477	1857	26	309.33
5478	1857	15	39.59
5479	1857	22	199.18
5497	1865	14	58.04
5498	1865	7	573.75
5499	1865	21	318.06
5500	1865	15	161.33
5501	1865	28	147.05
5502	1866	5	55.91
5503	1866	4	40.01
5504	1866	8	268.04
5505	1866	2	489.74
5506	1866	18	81.17
5513	1869	4	143.81
5514	1869	26	368.67
5515	1869	11	407.93
5516	1869	3	122.66
5517	1869	30	29.21
5521	1871	28	41.02
5522	1871	19	363.96
5523	1871	27	96.01
5524	1871	18	645.98
5525	1872	8	122.34
5526	1872	3	277.02
5527	1872	27	702.51
5528	1872	29	27.96
5529	1872	6	79.82
5530	1873	30	83.42
5531	1873	26	43.23
5532	1873	29	746.8
5533	1873	16	217.2
5538	1877	16	20.91
5539	1877	2	289.08
5540	1877	21	265.85
5541	1877	13	182.93
5542	1878	1	34.65
5543	1878	23	728.82
5544	1878	25	191.65
5545	1878	2	63.34
5546	1878	27	133.73
5550	1881	23	135.98
5551	1881	1	95.27
5552	1881	30	64.53
5553	1881	2	76.75
5554	1882	17	46.69
5555	1882	26	34.89
5556	1882	21	270.24
5557	1882	2	57.41
5558	1882	9	7.13
5563	1885	28	804.38
5564	1885	2	193.6
5565	1885	30	541.62
5566	1885	13	366.94
5567	1885	11	525.65
5568	1886	25	159.33
5569	1886	6	686.95
5570	1886	29	95.25
5571	1886	19	114.42
5574	1888	24	147.21
5575	1888	9	1000.68
5576	1888	19	802.53
5577	1888	4	687.71
5583	1891	16	5.88
5584	1891	20	154.4
5585	1891	7	427.58
5586	1891	23	150.06
5587	1891	13	329.27
5591	1894	30	234.68
5592	1894	3	306.68
5593	1894	15	235.24
5594	1894	24	193.45
5596	1896	10	73.23
5597	1896	17	28.84
5598	1896	26	512.85
5599	1896	9	132.58
5600	1897	6	761.29
5601	1897	1	318.49
5602	1897	30	642.48
5603	1897	17	166.77
5604	1897	2	409.78
5605	1898	21	218.28
5606	1898	28	17.38
5607	1898	7	159.92
5608	1898	14	210.07
5628	1909	3	166.47
5629	1909	9	0.63
5630	1909	8	49.04
5631	1909	25	189.4
5632	1910	15	32.82
5633	1910	6	134.61
5634	1910	14	424.36
5635	1910	20	395.13
5636	1910	18	390.25
5640	1912	12	178.79
5641	1912	9	313.94
5642	1912	14	14.0
5643	1912	18	889.76
5651	1918	21	234.44
5652	1918	24	58.85
5653	1918	22	402.34
5654	1918	10	861.3
5655	1918	26	236.16
5668	1924	4	222.02
5669	1924	24	138.79
5670	1924	25	42.65
5671	1924	15	591.19
5672	1925	3	83.96
5673	1925	19	59.72
5674	1925	5	588.04
5675	1925	12	259.27
5678	1928	17	197.89
5679	1928	20	291.58
5680	1928	23	70.35
5681	1928	24	312.19
5682	1928	15	127.49
5689	1932	28	482.64
5690	1932	14	170.51
5691	1932	21	159.68
5692	1932	29	155.6
5693	1933	13	336.86
5694	1933	16	36.16
5695	1933	29	222.84
5696	1933	30	649.15
5702	1937	16	362.34
5703	1937	5	179.46
5704	1937	19	1014.96
5705	1937	23	603.21
5715	1942	23	491.77
5716	1942	26	44.27
5717	1942	2	413.41
5718	1942	20	152.17
5719	1942	4	672.62
5720	1943	22	349.4
5721	1943	9	175.7
5722	1943	11	56.75
5723	1943	8	71.37
5724	1943	20	219.41
5725	1944	1	627.6
5726	1944	19	489.66
5727	1944	8	403.81
5728	1944	18	902.34
5729	1944	9	521.54
5735	1948	10	226.38
5736	1948	25	209.46
5737	1948	5	69.98
5738	1948	1	39.74
5741	1950	21	360.36
5742	1950	16	374.96
5743	1950	10	365.72
5744	1950	29	129.36
5745	1950	8	41.83
5746	1951	24	1048.49
5747	1951	21	892.22
5748	1951	28	213.88
5749	1951	4	21.55
5750	1951	13	0.03
5751	1952	8	337.69
5752	1952	27	7.73
5753	1952	20	7.82
5754	1952	12	382.27
5755	1952	15	765.03
5764	1957	18	478.71
5765	1957	27	31.15
5766	1957	28	52.22
5767	1957	20	531.77
5771	1959	28	228.18
5772	1959	6	109.88
5773	1959	22	20.87
5774	1959	13	233.1
5775	1959	9	407.86
5781	1962	27	89.03
5782	1962	8	170.77
5783	1962	18	143.55
5784	1962	26	165.38
5795	1969	13	806.18
5796	1969	3	314.12
5797	1969	15	255.83
5798	1969	22	328.54
5799	1970	30	564.55
5800	1970	6	263.35
5801	1970	10	212.52
5802	1970	15	98.13
5803	1971	24	198.52
5804	1971	15	822.59
5805	1971	19	726.28
5806	1971	13	401.81
5807	1971	26	128.65
5808	1972	9	101.31
5809	1972	13	217.27
5810	1972	4	451.39
5811	1972	19	64.71
5812	1973	28	253.9
5813	1973	17	73.86
5814	1973	5	93.59
5815	1973	27	213.44
5816	1973	10	456.16
5818	1975	22	212.14
5819	1975	24	705.28
5820	1975	23	62.84
5821	1975	29	606.76
5822	1975	5	125.36
5823	1976	19	60.55
5824	1976	18	60.51
5825	1976	28	85.38
5826	1976	1	15.58
5827	1976	24	6.72
5828	1977	8	296.31
5829	1977	23	427.35
5830	1977	10	187.88
5831	1977	14	85.63
5834	1979	16	253.07
5835	1979	20	357.09
5836	1979	13	20.29
5837	1979	28	353.66
5838	1979	19	5.09
5852	1986	2	96.17
5853	1986	26	617.7
5854	1986	14	361.49
5855	1986	11	300.13
5864	1991	22	368.36
5865	1991	5	992.77
5866	1991	13	36.11
5867	1991	28	122.39
5868	1992	20	361.34
5869	1992	15	341.03
5870	1992	30	203.11
5871	1992	14	338.03
5872	1993	30	491.13
5873	1993	4	309.2
5874	1993	22	51.12
5875	1993	2	198.1
5881	1998	11	432.01
5882	1998	8	257.92
5883	1998	24	296.38
5884	1998	29	479.39
5893	2002	23	159.61
5894	2002	13	258.55
5895	2002	27	42.25
5896	2002	4	56.38
5904	2007	30	298.36
5905	2007	8	75.69
5906	2007	26	26.85
5907	2007	28	980.52
5908	2007	3	24.22
5909	2008	10	725.51
5910	2008	29	720.64
5911	2008	22	235.09
5912	2008	5	7.6
5915	2010	10	531.85
5916	2010	30	21.77
5917	2010	17	59.62
5918	2010	21	436.69
5919	2010	15	355.1
5922	2012	3	605.06
5923	2012	6	9.2
5924	2012	13	374.87
5925	2012	26	54.95
5929	2014	12	23.86
5930	2014	10	198.19
5931	2014	15	856.78
5932	2014	6	243.29
5933	2015	15	29.18
5934	2015	11	64.76
5935	2015	3	17.0
5936	2015	27	268.77
5939	2017	24	0.0
5940	2017	25	620.0
5941	2017	17	513.62
5942	2017	30	461.96
5943	2018	3	625.83
5944	2018	27	132.65
5945	2018	10	1034.76
5946	2018	22	64.5
5947	2018	2	334.79
5948	2019	13	694.01
5949	2019	24	562.8
5950	2019	30	506.97
5951	2019	11	197.52
5952	2020	5	231.05
5953	2020	17	59.71
5954	2020	23	220.18
5955	2020	9	172.14
5956	2020	8	619.15
5957	2021	13	225.27
5958	2021	1	164.91
5959	2021	17	164.3
5960	2021	9	817.02
5963	2024	13	3.79
5964	2024	6	216.82
5965	2024	26	32.17
5966	2024	17	931.42
5967	2024	16	385.69
5969	2026	1	71.13
5970	2026	13	395.99
5971	2026	25	24.86
5972	2026	7	110.69
5976	2030	25	2.46
5977	2030	9	51.44
5978	2030	2	30.27
5979	2030	30	502.07
5980	2031	3	518.21
5981	2031	21	248.92
5982	2031	1	15.98
5983	2031	24	284.11
5984	2031	4	826.13
5994	2036	17	133.16
5995	2036	11	710.27
5996	2036	6	522.3
5997	2036	4	559.06
5998	2037	11	816.56
5999	2037	21	322.12
6000	2037	27	463.3
6001	2037	14	99.85
6003	2039	25	465.05
6004	2039	1	503.68
6005	2039	7	115.37
6006	2039	14	14.71
6007	2039	15	345.14
6017	2045	5	20.3
6018	2045	11	313.49
6019	2045	8	138.41
6020	2045	2	71.2
6021	2045	15	88.57
6027	2049	17	67.53
6028	2049	28	753.86
6029	2049	22	524.3
6030	2049	18	220.48
6031	2049	9	252.9
6035	2051	26	1.05
6036	2051	5	311.24
6037	2051	20	100.87
6038	2051	14	394.23
6039	2051	2	440.88
6040	2052	16	593.93
6041	2052	26	222.03
6042	2052	7	255.9
6043	2052	9	334.73
6044	2053	3	225.92
6045	2053	26	320.76
6046	2053	25	148.43
6047	2053	16	83.27
6048	2054	4	853.22
6049	2054	19	100.99
6050	2054	2	12.52
6051	2054	16	144.49
6052	2054	11	32.48
6061	2059	10	307.1
6062	2059	28	143.2
6063	2059	4	64.86
6064	2059	6	322.63
6065	2059	19	308.5
6066	2060	17	683.71
6067	2060	30	550.95
6068	2060	19	560.23
6069	2060	27	17.2
6070	2060	25	351.64
6075	2063	14	8.56
6076	2063	28	345.41
6077	2063	21	265.52
6078	2063	6	352.73
6085	2067	6	560.13
6086	2067	22	147.32
6087	2067	5	10.6
6088	2067	19	919.23
6092	2069	19	170.97
6093	2069	12	33.43
6094	2069	21	157.85
6095	2069	26	529.31
6096	2069	2	234.99
6097	2070	27	7.23
6098	2070	15	412.01
6099	2070	26	183.87
6100	2070	22	133.84
6101	2071	20	11.01
6102	2071	13	344.85
6103	2071	21	294.05
6104	2071	30	334.51
6106	2073	11	127.51
6107	2073	2	54.91
6108	2073	20	275.29
6109	2073	21	11.66
6110	2073	8	401.76
6114	2075	10	192.89
6115	2075	13	81.52
6116	2075	17	201.26
6117	2075	3	390.87
6119	2077	5	169.89
6120	2077	24	424.32
6121	2077	10	8.51
6122	2077	25	688.7
6123	2077	11	231.89
6127	2079	29	4.9
6128	2079	11	189.98
6129	2079	12	113.13
6130	2079	18	1071.08
6131	2079	4	841.36
6132	2080	18	11.36
6133	2080	23	23.47
6134	2080	7	789.12
6135	2080	29	971.58
6136	2080	3	583.33
6140	2082	17	140.93
6141	2082	11	286.48
6142	2082	12	50.11
6143	2082	21	503.16
6145	2084	18	331.18
6146	2084	3	66.55
6147	2084	13	230.98
6148	2084	2	5.64
6150	2086	25	317.62
6151	2086	16	543.52
6152	2086	3	546.93
6153	2086	8	200.25
6154	2086	30	572.42
6165	2092	11	416.74
6166	2092	30	39.95
6167	2092	15	209.83
6168	2092	19	185.47
6180	2097	30	107.7
6181	2097	21	66.49
6182	2097	22	77.11
6183	2097	16	541.58
6186	2099	2	199.31
6187	2099	15	353.19
6188	2099	17	80.55
6189	2099	20	344.8
6190	2099	12	248.87
6198	2103	13	221.96
6199	2103	18	104.51
6200	2103	4	7.39
6201	2103	27	55.6
6203	2105	16	116.41
6204	2105	7	3.97
6205	2105	12	999.48
6206	2105	1	58.59
6207	2105	17	683.23
6212	2108	15	826.61
6213	2108	9	1.31
6214	2108	11	687.62
6215	2108	17	606.48
6216	2108	10	106.4
6220	2110	2	288.12
6221	2110	12	276.47
6222	2110	21	78.45
6223	2110	3	503.84
6224	2110	4	48.51
6226	2112	22	4.58
6227	2112	19	145.47
6228	2112	23	85.7
6229	2112	20	84.26
6230	2113	1	422.29
6231	2113	23	491.59
6232	2113	9	356.1
6233	2113	15	720.37
6234	2113	19	709.16
6235	2114	4	253.84
6236	2114	24	33.73
6237	2114	25	217.15
6238	2114	14	963.36
6239	2114	21	19.98
6240	2115	11	149.18
6241	2115	17	343.87
6242	2115	1	158.94
6243	2115	10	238.99
6244	2115	29	722.71
6246	2117	3	854.75
6247	2117	2	224.88
6248	2117	18	989.08
6249	2117	5	458.06
6259	2122	5	407.09
6260	2122	26	527.49
6261	2122	22	378.94
6262	2122	14	24.69
6266	2124	7	27.9
6267	2124	20	94.25
6268	2124	4	158.03
6269	2124	16	496.6
6270	2125	17	461.27
6271	2125	26	13.27
6272	2125	24	89.38
6273	2125	18	526.09
6274	2125	2	373.27
6275	2126	13	1.23
6276	2126	21	373.76
6277	2126	17	949.14
6278	2126	8	34.44
6279	2127	11	629.21
6280	2127	28	458.0
6281	2127	24	293.78
6282	2127	17	619.04
6283	2127	7	215.98
6287	2129	3	458.67
6288	2129	19	622.63
6289	2129	14	299.9
6290	2129	4	180.67
6291	2129	5	91.28
6311	2139	24	812.91
6312	2139	22	399.22
6313	2139	26	18.01
6314	2139	17	127.51
6315	2139	20	101.97
6316	2140	2	312.87
6317	2140	13	408.27
6318	2140	25	3.01
6319	2140	3	458.68
6324	2143	20	113.07
6325	2143	1	110.65
6326	2143	5	136.21
6327	2143	22	81.95
6331	2146	3	72.21
6332	2146	6	147.38
6333	2146	9	139.08
6334	2146	22	65.29
6335	2146	26	501.92
6336	2147	2	683.44
6337	2147	15	683.43
6338	2147	17	972.59
6339	2147	28	368.68
6340	2147	25	41.87
6359	2156	7	38.56
6360	2156	30	46.76
6361	2156	26	129.44
6362	2156	11	548.09
6363	2156	8	320.8
6367	2158	16	418.21
6368	2158	2	257.34
6369	2158	5	255.83
6370	2158	22	511.88
6371	2159	7	128.05
6372	2159	22	33.64
6373	2159	21	20.32
6374	2159	29	260.11
6376	2161	5	250.37
6377	2161	23	412.79
6378	2161	16	14.31
6379	2161	29	395.38
6380	2161	19	202.05
6388	2166	2	28.88
6389	2166	23	429.93
6390	2166	11	507.61
6391	2166	10	753.95
6392	2166	7	7.39
6396	2169	11	633.66
6397	2169	24	342.39
6398	2169	16	486.55
6399	2169	17	471.22
6400	2169	19	99.44
6410	2175	25	109.5
6411	2175	20	123.3
6412	2175	27	413.03
6413	2175	17	458.53
6414	2175	14	21.87
6419	2178	3	193.07
6420	2178	20	121.05
6421	2178	19	113.46
6422	2178	15	225.18
6423	2178	9	217.48
6430	2182	22	506.08
6431	2182	23	272.54
6432	2182	19	129.09
6433	2182	28	116.1
6434	2183	3	503.22
6435	2183	24	307.72
6436	2183	19	49.68
6437	2183	17	115.45
6438	2183	26	720.08
6441	2185	17	316.66
6442	2185	26	16.15
6443	2185	8	743.35
6444	2185	21	310.74
6447	2187	23	74.89
6448	2187	5	343.41
6449	2187	12	108.72
6450	2187	20	657.67
6451	2187	9	274.8
6452	2188	24	56.01
6453	2188	16	266.42
6454	2188	29	244.02
6455	2188	2	147.59
6456	2188	6	186.0
6460	2190	24	39.32
6461	2190	21	768.09
6462	2190	3	100.03
6463	2190	16	55.53
6464	2190	28	28.26
6468	2192	2	118.43
6469	2192	11	220.44
6470	2192	14	231.84
6471	2192	4	19.85
6473	2194	23	57.3
6474	2194	1	670.55
6475	2194	7	561.1
6476	2194	24	578.05
6483	2198	2	508.38
6484	2198	22	395.78
6485	2198	20	50.83
6486	2198	28	62.93
6487	2198	29	61.66
6488	2199	16	545.77
6489	2199	1	609.33
6490	2199	27	94.27
6491	2199	20	220.54
6492	2199	3	642.16
6498	2202	5	365.03
6499	2202	12	297.87
6500	2202	3	429.78
6501	2202	8	386.66
6508	2206	5	208.64
6509	2206	8	199.51
6510	2206	29	95.39
6511	2206	9	523.22
6520	2211	24	617.32
6521	2211	15	832.94
6522	2211	18	226.41
6523	2211	4	150.51
6524	2212	18	251.39
6525	2212	12	221.26
6526	2212	22	484.2
6527	2212	27	632.84
6528	2212	13	851.82
6529	2213	7	134.44
6530	2213	20	147.61
6531	2213	22	113.38
6532	2213	2	94.83
6533	2213	15	9.2
6538	2216	16	323.44
6539	2216	1	506.67
6540	2216	26	709.18
6541	2216	21	807.58
6542	2216	24	19.26
6543	2217	9	830.83
6544	2217	26	249.54
6545	2217	6	605.59
6546	2217	18	323.54
6547	2218	6	194.18
6548	2218	10	103.81
6549	2218	9	417.62
6550	2218	4	581.07
6558	2222	24	114.98
6559	2222	15	472.47
6560	2222	16	557.46
6561	2222	4	37.79
6562	2222	23	98.06
6563	2223	22	617.19
6564	2223	3	81.48
6565	2223	24	236.22
6566	2223	6	702.73
6570	2225	13	744.25
6571	2225	11	70.38
6572	2225	19	708.39
6573	2225	20	76.03
6589	2234	21	287.42
6590	2234	16	443.21
6591	2234	17	615.77
6592	2234	7	15.93
6593	2234	28	90.37
6594	2235	2	336.66
6595	2235	29	804.6
6596	2235	5	54.08
6597	2235	17	64.34
6598	2235	10	0.02
6599	2236	2	141.36
6600	2236	15	0.0
6601	2236	23	6.13
6602	2236	30	263.61
6603	2237	13	513.03
6604	2237	4	61.31
6605	2237	12	265.07
6606	2237	24	306.93
6607	2237	10	5.29
6608	2238	10	176.7
6609	2238	4	106.28
6610	2238	7	660.61
6611	2238	15	254.93
6612	2239	29	366.92
6613	2239	4	128.49
6614	2239	19	971.08
6615	2239	16	0.0
6617	2241	10	242.79
6618	2241	3	159.87
6619	2241	16	643.97
6620	2241	5	77.84
6621	2241	7	7.67
6622	2242	20	37.74
6623	2242	14	370.59
6624	2242	26	610.42
6625	2242	21	293.33
6630	2246	11	280.4
6631	2246	19	18.26
6632	2246	23	935.69
6633	2246	12	19.21
6634	2246	5	1.15
6635	2247	13	463.01
6636	2247	2	336.55
6637	2247	26	171.79
6638	2247	28	105.21
6642	2250	15	95.9
6643	2250	26	959.26
6644	2250	28	19.48
6645	2250	10	92.93
6646	2250	5	47.18
6647	2251	18	152.36
6648	2251	26	9.6
6649	2251	29	60.39
6650	2251	20	705.73
6651	2251	28	166.32
6652	2252	1	46.84
6653	2252	11	608.82
6654	2252	24	532.28
6655	2252	22	245.79
6660	2255	21	142.73
6661	2255	2	57.59
6662	2255	10	3.6
6663	2255	13	519.08
6664	2255	19	543.71
6676	2262	1	150.47
6677	2262	25	69.34
6678	2262	4	84.86
6679	2262	13	221.93
6680	2262	11	147.27
6684	2264	3	247.94
6685	2264	1	63.78
6686	2264	16	467.52
6687	2264	30	18.02
6688	2264	17	325.92
6697	2269	11	136.16
6698	2269	12	34.28
6699	2269	13	439.38
6700	2269	2	177.53
6701	2269	9	256.06
6706	2272	1	259.12
6707	2272	25	70.18
6708	2272	14	312.97
6709	2272	27	824.93
6710	2272	3	631.05
6711	2273	12	121.93
6712	2273	5	9.75
6713	2273	9	241.56
6714	2273	1	56.72
6717	2275	11	181.34
6718	2275	15	13.98
6719	2275	19	351.91
6720	2275	1	52.09
6721	2275	2	76.22
6722	2276	11	165.57
6723	2276	2	231.2
6724	2276	26	3.29
6725	2276	7	262.87
6729	2278	20	14.03
6730	2278	21	303.92
6731	2278	5	277.08
6732	2278	19	540.51
6733	2279	29	308.66
6734	2279	6	443.92
6735	2279	10	129.11
6736	2279	21	155.46
6737	2279	9	712.92
6749	2286	27	154.79
6750	2286	26	164.7
6751	2286	21	131.74
6752	2286	2	43.1
6753	2287	23	409.12
6754	2287	1	96.44
6755	2287	18	234.21
6756	2287	7	318.57
6763	2290	14	627.69
6764	2290	19	20.44
6765	2290	12	120.09
6766	2290	3	1.64
6767	2290	17	638.49
6778	2297	4	94.01
6779	2297	17	39.42
6780	2297	3	159.6
6781	2297	14	102.21
6782	2298	24	38.7
6783	2298	10	29.41
6784	2298	8	511.69
6785	2298	2	212.22
6800	2304	21	42.34
6801	2304	28	66.11
6802	2304	14	552.74
6803	2304	22	32.42
6804	2304	15	74.46
6814	2310	29	763.14
6815	2310	20	686.65
6816	2310	23	55.02
6817	2310	3	56.83
6818	2310	10	428.04
6819	2311	6	21.32
6820	2311	11	821.03
6821	2311	1	50.55
6822	2311	25	188.59
6826	2313	10	219.18
6827	2313	25	544.2
6828	2313	21	58.25
6829	2313	16	610.59
6841	2319	13	411.71
6842	2319	1	152.79
6843	2319	9	5.97
6844	2319	25	563.66
6849	2322	23	149.44
6850	2322	10	481.67
6851	2322	29	29.95
6852	2322	26	18.45
6862	2328	25	7.95
6863	2328	20	364.99
6864	2328	26	482.21
6865	2328	12	27.47
6866	2328	21	327.27
6867	2329	19	246.94
6868	2329	3	436.68
6869	2329	13	453.17
6870	2329	26	279.38
6871	2330	11	825.36
6872	2330	23	830.05
6873	2330	3	225.28
6874	2330	20	317.42
6886	2337	15	23.25
6887	2337	27	350.44
6888	2337	5	183.92
6889	2337	29	43.77
6890	2338	18	456.27
6891	2338	1	349.92
6892	2338	9	252.39
6893	2338	29	89.84
6894	2339	8	201.46
6895	2339	21	189.85
6896	2339	5	425.9
6897	2339	20	158.33
6898	2339	11	85.5
6899	2340	11	66.63
6900	2340	9	849.83
6901	2340	16	209.89
6902	2340	19	140.92
6903	2341	18	16.54
6904	2341	16	2.05
6905	2341	5	104.28
6906	2341	20	362.91
6909	2343	24	18.38
6910	2343	14	313.9
6911	2343	20	31.6
6912	2343	11	137.4
6915	2345	2	29.72
6916	2345	5	398.34
6917	2345	11	443.75
6918	2345	27	42.83
6919	2346	1	544.64
6920	2346	23	428.4
6921	2346	24	213.73
6922	2346	4	11.04
6923	2346	15	18.31
6924	2347	29	190.55
6925	2347	18	68.48
6926	2347	2	6.06
6927	2347	5	234.57
6928	2347	3	120.69
6929	2348	19	237.39
6930	2348	12	216.76
6931	2348	11	562.78
6932	2348	27	960.71
6933	2348	4	123.42
6934	2349	7	715.64
6935	2349	6	148.63
6936	2349	30	366.49
6937	2349	1	439.78
6938	2349	27	535.65
6939	2350	24	236.5
6940	2350	25	195.22
6941	2350	6	6.46
6942	2350	17	123.83
6947	2353	28	412.45
6948	2353	2	435.44
6949	2353	19	230.05
6950	2353	8	444.85
6951	2353	5	19.1
6952	2354	26	178.76
6953	2354	10	495.04
6954	2354	28	170.33
6955	2354	15	78.12
6958	2356	2	342.14
6959	2356	13	361.17
6960	2356	4	31.56
6961	2356	19	1021.86
6962	2357	18	218.06
6963	2357	24	140.97
6964	2357	11	26.96
6965	2357	22	645.49
6966	2357	25	13.09
6971	2360	21	625.99
6972	2360	18	226.46
6973	2360	27	295.55
6974	2360	8	212.62
6975	2360	1	708.24
6980	2363	20	339.72
6981	2363	26	1033.94
6982	2363	24	656.03
6983	2363	22	903.61
6984	2363	14	469.87
6988	2366	9	31.74
6989	2366	6	268.78
6990	2366	28	331.26
6991	2366	23	391.76
6998	2371	24	152.36
6999	2371	2	346.14
7000	2371	26	400.25
7001	2371	9	52.85
7002	2371	28	117.51
7007	2374	14	89.86
7008	2374	16	32.79
7009	2374	3	263.84
7010	2374	10	67.02
7016	2378	27	336.65
7017	2378	10	72.04
7018	2378	1	780.4
7019	2378	7	196.01
7022	2380	13	112.14
7023	2380	8	184.35
7024	2380	14	340.71
7025	2380	12	166.34
