6
12
18
31
32
34
35
55
56
58
59
61
65
70
77
79
82
85
86
89
91
98
126
128
130
133
138
139
140
147
153
157
160
161
164
172
174
178
179
180
188
191
193
197
199
201
203
208
209
214
216
225
226
228
229
231
237
238
240
243
245
247
257
261
270
271
285
288
293
297
298
302
306
313
315
317
329
335
339
341
342
347
348
349
350
351
356
363
364
369
373
374
381
383
387
390
391
395
398
407
410
412
413
415
417
423
425
428
442
445
447
448
452
453
459
463
466
470
472
473
476
485
487
489
499
501
505
507
510
512
513
515
519
528
532
535
536
542
547
552
554
558
561
563
572
574
576
582
593
597
598
599
602
603
604
606
615
621
623
629
630
631
633
634
641
649
651
654
656
658
660
665
669
670
672
673
676
679
684
685
687
693
695
701
709
715
720
725
728
730
737
738
739
742
743
744
746
748
750
754
757
760
761
762
765
774
775
777
780
784
786
789
791
802
808
811
812
814
819
830
832
840
842
846
869
870
873
882
885
886
888
890
892
895
897
898
899
900
903
907
909
914
919
920
924
925
928
932
938
944
945
946
950
952
960
978
989
994
995
1004
1005
1011
1014
1015
1016
1020
1024
1027
1029
1032
1035
1040
1048
1054
1055
1059
1066
1097
1101
1106
1110
1114
1117
1121
1122
1125
1130
1135
1143
1144
1148
1154
1157
1162
1167
1169
1171
1180
1185
1188
1191
1194
1199
1200
1204
1207
1210
1219
1221
1224
1225
1226
1243
1249
1262
1264
1265
1275
1277
1280
1281
1290
1291
1296
1297
1301
1318
1328
1329
1331
1336
1342
1354
1357
1360
1361
1363
1364
1365
1367
1368
1369
1387
1388
1389
1390
1392
1394
1399
1405
1408
1415
1416
1418
1423
1426
1428
1430
1432
1438
1439
1441
1443
1446
1447
1451
1452
1453
1458
1461
1463
1465
1468
1469
1470
1471
1474
1485
1493
1496
1504
1508
1510
1513
1521
1522
1523
1524
1530
1534
1536
1540
1545
1546
1556
1559
1560
1561
1562
1571
1572
1573
1575
1576
1578
1581
1584
1590
1594
1597
1598
1599
1603
1608
1609
1610
1612
1614
1627
1631
1638
1642
1643
1648
1651
1652
1656
1664
1666
1667
1668
1673
1685
1688
1692
1693
1695
1704
1713
1715
1716
1721
1723
1724
1726
1738
1740
1748
1749
1751
1760
1761
1765
1783
1787
1791
1794
1796
1807
1808
1811
1815
1816
1822
1829
1834
1835
1841
1845
1847
1850
1852
1856
1860
1871
1873
1875
1877
1880
1881
1889
1891
1899
1900
1902
1904
1910
1913
1918
1925
1928
1931
1936
1937
1943
1949
1959
1960
1961
1963
1979
1980
1984
1987
1998
2006
2012
2027
2036
2037
2045
2047
2056
2060
2061
2062
2064
2066
2072
2075
2078
2084
2089
2094
2095
2103
2104
2107
2114
2115
2116
2117
2128
2130
2132
2134
2136
2137
2138
2156
2161
2163
2166
2179
2180
2182
2185
2187
2190
2194
2195
2196
2201
2205
2206
2213
2219
2223
2230
2232
2246
2248
2254
2257
2262
2266
2268
2274
2276
2277
2278
2281
2283
2290
2292
2293
2294
2300
2303
2304
2305
2309
2311
2314
2316
2318
2320
2324
2331
2333
2336
2343
2344
2347
2348
2356
2361
2364
2374
2376
2377
2382
2383
2386
2395
2406
2409
2418
2420
2423
2425
2427
2432
2435
2437
2442
2455
2462
2463
2464
2465
2467
2474
2480
2486
2494
2501
2505
2507
2515
2523
2525
2530
2532
2533
2537
2539
2540
2541
2551
2553
2555
2556
2557
2565
2572
2577
2580
2585
